"xvar" "yvar" "cor.val" "t.arima" "arima.p" "t.drift" "drift.p" "AR" "MA" "nobs" "pval_bh"
"1" "panas.positive" "panas.negative" -0.52689546148472 -5.3756371714374 7.63123277794892e-08 0 1 2 1 81 7.24967113905147e-06
"2" "panas.positive" "panas.fatigue" -0.520279292281043 -5.51273585480121 3.53298269148724e-08 0 1 2 1 81 7.24967113905147e-06
"3" "panas.positive" "afterscan.Anxietyduringscan" -0.0826417140527297 -0.238944079235092 0.811148945049785 0.0016983308684437 0.998644928672346 1 1 80 0.993867379730213
"4" "panas.positive" "afterscan.diastolic" 0.0425630254215842 0.313092234873607 0.754210588417361 0 1 2 1 80 0.991789283659851
"5" "panas.positive" "afterscan.pulse" 0.0745046926380892 0.930805884057151 0.351953985446625 0 1 2 1 75 0.991059960059723
"6" "panas.positive" "afterscan.systolic" -0.00615711027582699 -0.351993169373 0.72484338513762 -0.0139737620221926 0.988850913866962 1 1 80 0.991059960059723
"7" "panas.positive" "morning.Sleepquality" 0.0372480818367089 0.335465160055152 0.737274221843903 0 1 1 1 81 0.991059960059723
"8" "panas.positive" "morning.Soreness" 0.0421679273271515 -0.00560925982069899 0.99552448166101 0.0341288285719459 0.972774419994688 1 1 81 0.997575556269502
"9" "panas.positive" "prevevening.Alcohol" -0.0490292014917501 -0.391433719655423 0.695476671937979 0 1 2 1 72 0.991059960059723
"10" "panas.positive" "prevevening.Guthealth" -0.414620807105056 -3.86614506346563 0.000110569186258946 0 1 1 1 72 0.00700271512973325
"11" "panas.positive" "prevevening.Psoriasisseverity" 0.172264575133479 1.84520508991669 0.0650077103762812 0 1 2 1 72 0.484371175352683
"12" "panas.positive" "prevevening.Stress" 0.114735205260722 0.98003141183808 0.327070613414533 0 1 1 1 72 0.991059960059723
"13" "panas.positive" "prevevening.Timespentoutdoors" 0.0798065102108161 0.76621630064692 0.443547610806779 0 1 2 1 71 0.991059960059723
"14" "panas.positive" "TuesThurs" 0.224201895070135 1.9923631482026 0.0463312276622369 0 1 1 1 75 0.419187297896429
"15" "panas.positive" "temp.mean" 0.162109919361139 0.427163918817072 0.669259939485869 0 1 2 1 81 0.991059960059723
"16" "panas.positive" "email.LIWCcdi" 0.183547894926479 1.71191434838057 0.0869124540599783 0 1 2 1 80 0.550445542379863
"17" "panas.positive" "email.LIWCnegemo" -0.132441440558048 -1.21148134031235 0.225710981852829 0 1 2 1 80 0.899749201747803
"18" "panas.positive" "email.LIWCposemo" -0.125896572181573 -1.13508329247245 0.256340421161355 0 1 1 1 80 0.927708190869666
"19" "panas.positive" "zeo.zq" 0.0587171089685082 0.0101487510999404 0.991902607187561 0.0243394689874333 0.980581830747848 1 1 51 0.997575556269502
"20" "panas.negative" "panas.positive" -0.52689546148472 -5.37826506670285 7.52070365959862e-08 0 1 2 1 81 7.24967113905147e-06
"21" "panas.negative" "panas.fatigue" 0.0734004896588741 0.666896417098452 0.504838299701591 0 1 2 1 81 0.991059960059723
"22" "panas.negative" "afterscan.Anxietyduringscan" 0.181099552846534 0.334278267570541 0.738169588114975 0.00091960335989247 0.999266262780496 1 1 80 0.991059960059723
"23" "panas.negative" "afterscan.diastolic" 0.00533159276467034 0.276177417440999 0.782411801230555 0 1 2 1 80 0.991789283659851
"24" "panas.negative" "afterscan.pulse" 0.0909589950582561 -0.0520876587759671 0.958458846487883 0 1 2 1 75 0.997575556269502
"25" "panas.negative" "afterscan.systolic" -0.138283328917132 -0.167364843028887 0.867082986165813 -0.016780636923196 0.986611617220109 1 1 80 0.993949246206191
"26" "panas.negative" "morning.Sleepquality" 0.0932329606949651 0.842766530365932 0.399359030127953 0 1 1 1 81 0.991059960059723
"27" "panas.negative" "morning.Soreness" 0.0632130829156791 -0.0799640356898619 0.936265859702553 0.0338894049456041 0.972965341965163 1 1 81 0.996137669105665
"28" "panas.negative" "prevevening.Alcohol" 0.0465331442603166 0.409046995803819 0.682505172961463 0 1 2 1 72 0.991059960059723
"29" "panas.negative" "prevevening.Guthealth" 0.0903338718988195 0.547523048065604 0.584019440486716 0 1 2 1 72 0.991059960059723
"30" "panas.negative" "prevevening.Psoriasisseverity" -0.0286341015139547 0.724081207471393 0.469015881083873 0 1 2 1 72 0.991059960059723
"31" "panas.negative" "prevevening.Stress" 0.0829290615513762 0.724142674296827 0.468978148002441 0 1 2 1 72 0.991059960059723
"32" "panas.negative" "prevevening.Timespentoutdoors" -0.22285452696343 -1.88658850935416 0.0592156934767592 0 1 2 1 71 0.475210159355402
"33" "panas.negative" "TuesThurs" -0.0612997324332258 -0.531870875586961 0.594815430080982 0 1 1 1 75 0.991059960059723
"34" "panas.negative" "temp.mean" -0.140691889167767 -0.783587560501637 0.433282157283127 0 1 2 1 81 0.991059960059723
"35" "panas.negative" "email.LIWCcdi" -0.0992805711413921 -0.9445623835133 0.344882339018989 0 1 2 1 80 0.991059960059723
"36" "panas.negative" "email.LIWCnegemo" 0.275638268095726 2.56473484404609 0.0103254678055983 0 1 1 1 80 0.198504144579498
"37" "panas.negative" "email.LIWCposemo" -0.0250748635970646 -0.22434667504276 0.822487560230931 0 1 1 1 80 0.993867379730213
"38" "panas.negative" "zeo.zq" 0.139688041633142 0.0706876638026209 0.943646339135744 0.0236756008080235 0.981111368284309 1 1 51 0.996137669105665
"39" "panas.fatigue" "panas.positive" -0.520279292281043 -5.48305440050598 4.18044395516248e-08 0 1 1 1 81 7.24967113905147e-06
"40" "panas.fatigue" "panas.negative" 0.0734004896588741 0.54037242340632 0.588940221672317 0 1 2 1 81 0.991059960059723
"41" "panas.fatigue" "afterscan.Anxietyduringscan" 0.0106925038920383 -0.427645865509995 0.668908968106157 -0.00406332136826991 0.996757947536041 1 1 80 0.991059960059723
"42" "panas.fatigue" "afterscan.diastolic" -0.00558356814774122 0.0737671092936715 0.94119569867728 0 1 2 1 80 0.996137669105665
"43" "panas.fatigue" "afterscan.pulse" -0.171200169525756 -1.64139677117715 0.100715079698553 0 1 2 1 75 0.597995785710158
"44" "panas.fatigue" "afterscan.systolic" 0.0985420701629247 0.425217078659193 0.670678435228448 -0.0125176402647622 0.990012628918132 1 1 80 0.991059960059723
"45" "panas.fatigue" "morning.Sleepquality" -0.104765652361909 -0.964771171944384 0.334659438100104 0 1 2 1 81 0.991059960059723
"46" "panas.fatigue" "morning.Soreness" -0.131938034672402 0.230197499583028 0.81793830473539 0.0364607610358446 0.970914966048575 1 1 81 0.993867379730213
"47" "panas.fatigue" "prevevening.Alcohol" 0.138021124357385 1.18246369993495 0.237021760745793 0 1 1 1 72 0.90068281097503
"48" "panas.fatigue" "prevevening.Guthealth" 0.084138769754834 0.716480874799908 0.473694472658133 0 1 1 1 72 0.991059960059723
"49" "panas.fatigue" "prevevening.Psoriasisseverity" -0.310646409767858 -3.10038454012162 0.0019326954774206 0 1 2 1 72 0.0667658437654389
"50" "panas.fatigue" "prevevening.Stress" -0.205274151163209 -1.82677223995098 0.0677340213916481 0 1 2 1 72 0.494979387092813
"51" "panas.fatigue" "prevevening.Timespentoutdoors" 0.101838514916525 0.862590052115657 0.388362901765262 0 1 1 1 71 0.991059960059723
"52" "panas.fatigue" "TuesThurs" -0.395168408673661 -3.72547557521445 0.000194947329471392 0 1 1 1 75 0.00925999814989112
"53" "panas.fatigue" "temp.mean" 0.121144094924982 0.836998288637051 0.402593529996172 0 1 2 1 81 0.991059960059723
"54" "panas.fatigue" "email.LIWCcdi" -0.052589239234213 -0.419297930510104 0.67499840883447 0 1 2 1 80 0.991059960059723
"55" "panas.fatigue" "email.LIWCnegemo" 0.168564722555354 1.52380205749973 0.127558165444855 0 1 2 1 80 0.691060925010697
"56" "panas.fatigue" "email.LIWCposemo" 0.173343194756368 1.47126775295142 0.14121872051815 0 1 2 1 80 0.709633010738704
"57" "panas.fatigue" "zeo.zq" -0.118988050295203 -0.0384035909060176 0.969365897966756 0.0240312164601434 0.9808277087579 1 1 51 0.997575556269502
"58" "afterscan.Anxietyduringscan" "panas.positive" -0.0826417140527297 -0.741706292512297 0.458265306470563 0 1 1 1 80 0.991059960059723
"59" "afterscan.Anxietyduringscan" "panas.negative" 0.181099552846534 1.52464513296596 0.127347633714996 0 1 2 1 80 0.691060925010697
"60" "afterscan.Anxietyduringscan" "panas.fatigue" 0.0106925038920383 0.105144010690217 0.916261537343786 0 1 2 1 80 0.996137669105665
"61" "afterscan.Anxietyduringscan" "afterscan.diastolic" 0.0623850448124755 0.69056623492112 0.489838172551009 0 1 3 1 100 0.991059960059723
"62" "afterscan.Anxietyduringscan" "afterscan.pulse" 0.0548825348384969 0.759403553283257 0.447611188602398 0 1 2 1 84 0.991059960059723
"63" "afterscan.Anxietyduringscan" "afterscan.systolic" 0.103005056468112 -0.201881665793243 0.84000923554366 -0.0318259255839331 0.974610871479436 2 1 100 0.993867379730213
"64" "afterscan.Anxietyduringscan" "morning.Sleepquality" -0.156586062615372 -1.73437866912352 0.0828509173048511 0 1 3 1 97 0.534099213463617
"65" "afterscan.Anxietyduringscan" "morning.Soreness" -0.0758774905870739 -0.0889442974380479 0.929126178771802 0.106573413186225 0.91512741163698 2 1 97 0.996137669105665
"66" "afterscan.Anxietyduringscan" "prevevening.Alcohol" 0.0925393122197166 2.56065227974846 0.0104475865568157 0 1 3 1 82 0.198504144579498
"67" "afterscan.Anxietyduringscan" "prevevening.Guthealth" 0.145681310560865 0.267196653981273 0.789317752264851 0 1 3 1 82 0.991789283659851
"68" "afterscan.Anxietyduringscan" "prevevening.Psoriasisseverity" 0.0404670821612065 0.982860663404535 0.325676020318573 0 1 3 1 82 0.991059960059723
"69" "afterscan.Anxietyduringscan" "prevevening.Stress" -0.206460547801881 -2.54082448249472 0.0110591421297862 0 1 3 1 82 0.20011780996756
"70" "afterscan.Anxietyduringscan" "prevevening.Timespentoutdoors" 0.0397022030359009 0.20696385334805 0.836038088131067 0 1 3 1 81 0.993867379730213
"71" "afterscan.Anxietyduringscan" "TuesThurs" 0.183168778244339 1.67688749691497 0.093564483533553 0 1 1 1 81 0.572441584468367
"72" "afterscan.Anxietyduringscan" "temp.mean" 0.087477303704124 0.369240970527644 0.711948120075379 0 1 2 1 100 0.991059960059723
"73" "afterscan.Anxietyduringscan" "email.LIWCcdi" -0.0851148417203251 -0.870463617580352 0.384047093462233 0 1 3 1 99 0.991059960059723
"74" "afterscan.Anxietyduringscan" "email.LIWCnegemo" 0.189889485375628 2.01604158039667 0.0437956280006835 0 1 3 1 99 0.416058466006493
"75" "afterscan.Anxietyduringscan" "email.LIWCposemo" -0.0220209073026093 0.223843537389119 0.822879051465948 0 1 3 1 99 0.993867379730213
"76" "afterscan.Anxietyduringscan" "zeo.zq" -0.0876679712557437 -0.285877456339635 0.77497198073165 0.0450795301223547 0.964043917429018 1 1 56 0.991789283659851
"77" "afterscan.diastolic" "panas.positive" 0.0425630254215842 0.381040138789953 0.703173464764758 0 1 1 1 80 0.991059960059723
"78" "afterscan.diastolic" "panas.negative" 0.00533159276467034 0.575901651621003 0.564681659192035 0 1 2 1 80 0.991059960059723
"79" "afterscan.diastolic" "panas.fatigue" -0.00558356814774122 -0.0499416723097342 0.960168869017426 0 1 1 1 80 0.997575556269502
"80" "afterscan.diastolic" "afterscan.Anxietyduringscan" 0.0623850448124755 0.345433962804376 0.729768148094378 0 1 2 1 100 0.991059960059723
"81" "afterscan.diastolic" "afterscan.pulse" 0.210664971663427 1.81112866210252 0.0701209377037291 0 1 2 1 84 0.502753892970133
"82" "afterscan.diastolic" "afterscan.systolic" 0.0851589515199741 -0.00303859427847108 0.997575556269502 0 1 2 1 100 0.997575556269502
"83" "afterscan.diastolic" "morning.Sleepquality" -0.125131789536042 -0.946911207317115 0.343684026570838 0 1 3 1 97 0.991059960059723
"84" "afterscan.diastolic" "morning.Soreness" -0.213624060718992 -0.390399541001454 0.696241127214439 0.102940085502822 0.918010523043912 2 1 97 0.991059960059723
"85" "afterscan.diastolic" "prevevening.Alcohol" 0.288685530330466 3.40113122221915 0.000671076058884315 0 1 3 1 82 0.0283343224862266
"86" "afterscan.diastolic" "prevevening.Guthealth" 0.00168554063403948 0.333722345103455 0.738589086371759 0 1 3 1 82 0.991059960059723
"87" "afterscan.diastolic" "prevevening.Psoriasisseverity" 0.021594156010793 2.93782607224827 0.00330522393407887 0 1 3 1 82 0.0966142380730747
"88" "afterscan.diastolic" "prevevening.Stress" -0.0551672531367159 -0.191624647114242 0.8480362346803 0 1 3 1 82 0.993949246206191
"89" "afterscan.diastolic" "prevevening.Timespentoutdoors" -0.0231650412355466 -0.0917964816924119 0.926859739463564 0 1 3 1 81 0.996137669105665
"90" "afterscan.diastolic" "TuesThurs" 0.159597719588128 1.45502830806682 0.145661424762821 0 1 1 1 81 0.709633010738704
"91" "afterscan.diastolic" "temp.mean" -0.0838133882827325 -0.974301365462476 0.329906926882276 0 1 3 1 100 0.991059960059723
"92" "afterscan.diastolic" "email.LIWCcdi" 0.0987500473941416 1.06638526039711 0.286249521901028 0 1 3 1 99 0.96072599677097
"93" "afterscan.diastolic" "email.LIWCnegemo" -0.0964688208311412 -1.23424848082906 0.217110327030716 0 1 3 1 99 0.899749201747803
"94" "afterscan.diastolic" "email.LIWCposemo" 0.0285488475916504 0.598724666083744 0.549356505817382 0 1 3 1 99 0.991059960059723
"95" "afterscan.diastolic" "zeo.zq" 0.0119089853505998 0.0282459470873654 0.977465991351504 0.0455138919536716 0.963697702195807 1 1 56 0.997575556269502
"96" "afterscan.pulse" "panas.positive" 0.0745046926380892 0.892984030148799 0.371865724912204 0 1 2 1 75 0.991059960059723
"97" "afterscan.pulse" "panas.negative" 0.0909589950582561 0.277794869027858 0.781169830147046 0 1 2 1 75 0.991789283659851
"98" "afterscan.pulse" "panas.fatigue" -0.171200169525756 -1.50485242793571 0.132362021209398 0 1 1 1 75 0.698577334160712
"99" "afterscan.pulse" "afterscan.Anxietyduringscan" 0.0548825348384969 0.445106226357939 0.656242989434331 -0.0342068301270144 0.972712220076149 1 1 84 0.991059960059723
"100" "afterscan.pulse" "afterscan.diastolic" 0.210664971663427 0.641679855053295 0.52108107178506 -0.0511006665235214 0.959245304879492 1 1 84 0.991059960059723
"101" "afterscan.pulse" "afterscan.systolic" -0.109747188253703 -0.606037677636607 0.544489733954122 -0.0405506858422464 0.967654098786909 1 1 84 0.991059960059723
"102" "afterscan.pulse" "morning.Sleepquality" -0.129408333758682 -1.10778004036125 0.267956822139131 0 1 2 1 81 0.951622358998783
"103" "afterscan.pulse" "morning.Soreness" 0.0540804749482091 0.208683483697987 0.834695334376784 0.045558877325039 0.963661846256574 1 1 81 0.993867379730213
"104" "afterscan.pulse" "prevevening.Alcohol" 0.0706042966528949 0.020718335396439 0.983470342627749 0.010842991155269 0.991348714287224 1 1 70 0.997575556269502
"105" "afterscan.pulse" "prevevening.Guthealth" -0.0340477815907027 -0.0398782663955045 0.968190178221528 0 1 2 1 70 0.997575556269502
"106" "afterscan.pulse" "prevevening.Psoriasisseverity" 0.0921640038582777 1.02248945703375 0.306549300075625 0 1 2 1 70 0.987721723992936
"107" "afterscan.pulse" "prevevening.Stress" -0.104277410905277 -0.599825020032451 0.548622856881768 0 1 2 1 70 0.991059960059723
"108" "afterscan.pulse" "prevevening.Timespentoutdoors" -0.156457046347085 -1.27796461763729 0.201261902217036 0 1 2 1 69 0.895652566968366
"109" "afterscan.pulse" "TuesThurs" 0.25976388496558 2.26661453433801 0.0234137834290733 0 1 1 1 71 0.261683461854349
"110" "afterscan.pulse" "temp.mean" -0.103364302646706 0.874289110860358 0.381960827885641 0 1 2 1 84 0.991059960059723
"111" "afterscan.pulse" "email.LIWCcdi" 0.0166755710789949 0.0733928533527172 0.941493504458213 0 1 2 1 83 0.996137669105665
"112" "afterscan.pulse" "email.LIWCnegemo" 0.10184733574195 0.935338101422479 0.349614085503368 0 1 2 1 83 0.991059960059723
"113" "afterscan.pulse" "email.LIWCposemo" -0.0093827675159851 -0.265244059909765 0.790821455128776 0 1 2 1 83 0.991789283659851
"114" "afterscan.pulse" "zeo.zq" 0.0431659736648076 -0.34887504287563 0.727183122302762 0.0266053918780821 0.978774472686441 1 1 53 0.991059960059723
"115" "afterscan.systolic" "panas.positive" -0.00615711027582699 -0.0550718482542284 0.956081223935692 0 1 1 1 80 0.997575556269502
"116" "afterscan.systolic" "panas.negative" -0.138283328917132 -1.14213098385092 0.253399578227526 0 1 2 1 80 0.925883074292884
"117" "afterscan.systolic" "panas.fatigue" 0.0985420701629247 0.9352365234905 0.349666419896924 0 1 2 1 80 0.991059960059723
"118" "afterscan.systolic" "afterscan.Anxietyduringscan" 0.103005056468112 -0.191888722699694 0.847829371274073 -0.0501931512419171 0.959968469193772 2 1 100 0.993949246206191
"119" "afterscan.systolic" "afterscan.diastolic" 0.0851589515199741 0.6155881251656 0.538166390602405 0 1 3 1 100 0.991059960059723
"120" "afterscan.systolic" "afterscan.pulse" -0.109747188253703 -1.11064638117923 0.266720590202137 0 1 2 1 84 0.951622358998783
"121" "afterscan.systolic" "morning.Sleepquality" -0.237593474282204 -2.46970301530797 0.0135225264275267 0 1 3 1 97 0.233570911020916
"122" "afterscan.systolic" "morning.Soreness" 0.00312245803509079 0.330943825407943 0.740686917518319 0.11027050880087 0.912194845172415 2 1 97 0.991059960059723
"123" "afterscan.systolic" "prevevening.Alcohol" -0.0563185685779189 -0.480449466597976 0.630907827524495 0.0119759286289927 0.990444819851417 2 1 82 0.991059960059723
"124" "afterscan.systolic" "prevevening.Guthealth" 0.0768622083695637 0.318485004687874 0.750117067485001 0 1 3 1 82 0.991789283659851
"125" "afterscan.systolic" "prevevening.Psoriasisseverity" -0.00838301186231278 0.28366626190281 0.776666152167583 0 1 3 1 82 0.991789283659851
"126" "afterscan.systolic" "prevevening.Stress" -0.159214943063838 -1.34684167847955 0.178031228247376 0 1 3 1 82 0.845648334175036
"127" "afterscan.systolic" "prevevening.Timespentoutdoors" 0.132376927754494 1.19990353980254 0.230176805062039 0 1 3 1 81 0.899749201747803
"128" "afterscan.systolic" "TuesThurs" -0.25780101516223 -2.40137764451131 0.0163334703592696 0 1 1 1 81 0.23871995140471
"129" "afterscan.systolic" "temp.mean" -0.185439707627494 -1.54619003139997 0.122058680306361 0 1 3 1 100 0.683047657175153
"130" "afterscan.systolic" "email.LIWCcdi" -0.0883415539451205 -0.779919127601718 0.435438478980005 0 1 3 1 99 0.991059960059723
"131" "afterscan.systolic" "email.LIWCnegemo" -0.00505059050020979 -0.199116221595421 0.842171832297707 0 1 3 1 99 0.993867379730213
"132" "afterscan.systolic" "email.LIWCposemo" -0.0741044817210463 -1.02064430802224 0.307422989116659 0 1 3 1 99 0.987721723992936
"133" "afterscan.systolic" "zeo.zq" -0.0104243912326046 0.364235419219769 0.715682220166598 0.0397573167443501 0.968286605609738 1 1 56 0.991059960059723
"134" "morning.Sleepquality" "panas.positive" 0.0372480818367089 0.335465145064529 0.737274233150259 0 1 1 1 81 0.991059960059723
"135" "morning.Sleepquality" "panas.negative" 0.0932329606949651 0.478586030524198 0.632233158253797 0 1 2 1 81 0.991059960059723
"136" "morning.Sleepquality" "panas.fatigue" -0.104765652361909 -0.944052148737864 0.345143000225178 0 1 2 1 81 0.991059960059723
"137" "morning.Sleepquality" "afterscan.Anxietyduringscan" -0.156586062615372 -0.296642163116797 0.766739717437901 -0.0415622753487271 0.966847647150074 2 1 97 0.991789283659851
"138" "morning.Sleepquality" "afterscan.diastolic" -0.125131789536042 -1.27783174080266 0.201308760107457 0 1 3 1 97 0.895652566968366
"139" "morning.Sleepquality" "afterscan.pulse" -0.129408333758682 -1.79179551177112 0.073165728042303 0 1 2 1 81 0.505508666474093
"140" "morning.Sleepquality" "afterscan.systolic" -0.237593474282204 -0.499797332319144 0.61721778920821 0 1 2 1 97 0.991059960059723
"141" "morning.Sleepquality" "morning.Soreness" 0.0381038877914176 -0.519498035126419 0.603413482744225 0.113780136248303 0.909412085298518 2 1 98 0.991059960059723
"142" "morning.Sleepquality" "prevevening.Alcohol" -0.0254973758334625 -0.499532818933227 0.617404072373424 0 1 3 1 83 0.991059960059723
"143" "morning.Sleepquality" "prevevening.Guthealth" -0.0751147894399272 -0.319528689427187 0.749325639672815 0 1 3 1 83 0.991789283659851
"144" "morning.Sleepquality" "prevevening.Psoriasisseverity" -0.242755662110255 -1.89325472389111 0.058324003071602 0 1 3 1 83 0.475210159355402
"145" "morning.Sleepquality" "prevevening.Stress" 0.114938554608381 1.27381815477125 0.202727869567209 0 1 3 1 83 0.895652566968366
"146" "morning.Sleepquality" "prevevening.Timespentoutdoors" -0.0311443462572286 -0.357689350586358 0.720575803551574 0 1 3 1 82 0.991059960059723
"147" "morning.Sleepquality" "TuesThurs" 0.00131182772219804 0.0118791019467829 0.990522070870918 0 1 1 1 82 0.997575556269502
"148" "morning.Sleepquality" "temp.mean" -0.0242285538362348 0.238942060506153 0.811150510431696 0 1 2 1 98 0.993867379730213
"149" "morning.Sleepquality" "email.LIWCcdi" 0.207324886532118 1.91624804503153 0.0553335305505957 0 1 3 1 97 0.475210159355402
"150" "morning.Sleepquality" "email.LIWCnegemo" -0.0355720087170017 -0.297397449155784 0.766163090916606 0 1 3 1 97 0.991789283659851
"151" "morning.Sleepquality" "email.LIWCposemo" 0.0834577322459379 0.790716568025047 0.429109405646249 0 1 3 1 97 0.991059960059723
"152" "morning.Sleepquality" "zeo.zq" 0.459564512147532 1.5454825739461 0.122229580757659 0.0418750117579654 0.966598336648619 1 1 56 0.683047657175153
"153" "morning.Soreness" "panas.positive" 0.0421679273271515 0.351555942694483 0.725171311063448 0 1 2 1 81 0.991059960059723
"154" "morning.Soreness" "panas.negative" 0.0632130829156791 0.123963158272652 0.901344445449854 0 1 2 1 81 0.996137669105665
"155" "morning.Soreness" "panas.fatigue" -0.131938034672402 -1.22644514590691 0.220031205762893 0 1 2 1 81 0.899749201747803
"156" "morning.Soreness" "afterscan.Anxietyduringscan" -0.0758774905870739 -0.0891154299603525 0.92899017484914 -0.0424430297412731 0.966145526462993 2 1 97 0.996137669105665
"157" "morning.Soreness" "afterscan.diastolic" -0.213624060718992 -2.15641996558919 0.0310508870526177 0 1 2 1 97 0.31890100216202
"158" "morning.Soreness" "afterscan.pulse" 0.0540804749482091 0.519094858123452 0.603694593832039 0 1 2 1 81 0.991059960059723
"159" "morning.Soreness" "afterscan.systolic" 0.00312245803509079 0.359152730085907 0.719480836541422 -0.0376788120653018 0.969943769521311 2 1 97 0.991059960059723
"160" "morning.Soreness" "morning.Sleepquality" 0.0381038877914176 1.38446199305089 0.166217038049061 0 1 3 1 98 0.799524993147382
"161" "morning.Soreness" "prevevening.Alcohol" -0.0928737150303732 -1.19964966111422 0.230275430897568 0 1 3 1 83 0.899749201747803
"162" "morning.Soreness" "prevevening.Guthealth" 0.0485922802357469 0.499621407558593 0.617341681221541 0 1 3 1 83 0.991059960059723
"163" "morning.Soreness" "prevevening.Psoriasisseverity" 0.18663293161449 1.27226654129803 0.203278432307125 0 1 3 1 83 0.895652566968366
"164" "morning.Soreness" "prevevening.Stress" 0.12804893408621 1.73395577430158 0.0829259305114563 0 1 2 1 83 0.534099213463617
"165" "morning.Soreness" "prevevening.Timespentoutdoors" 0.0720729701579289 0.620687707014057 0.534805119246885 0 1 2 1 82 0.991059960059723
"166" "morning.Soreness" "TuesThurs" 0.0449502849869485 0.407453535760476 0.683674913777155 0 1 1 1 82 0.991059960059723
"167" "morning.Soreness" "temp.mean" 0.0278677309000777 1.0935440495634 0.274154999566697 0 1 3 1 98 0.959946133210171
"168" "morning.Soreness" "email.LIWCcdi" 0.139656502583855 1.15185998053917 0.249378615535733 0 1 3 1 97 0.920037610714355
"169" "morning.Soreness" "email.LIWCnegemo" 0.0144943772547329 0.104354004276743 0.91688842259289 0 1 3 1 97 0.996137669105665
"170" "morning.Soreness" "email.LIWCposemo" -0.116054731659331 -1.21182012292224 0.225581243657886 0 1 3 1 97 0.899749201747803
"171" "morning.Soreness" "zeo.zq" 0.222926128724017 -0.342660295876993 0.731854035536463 0.0526703420113528 0.957994569859442 1 1 56 0.991059960059723
"172" "prevevening.Alcohol" "panas.positive" -0.0490292014917501 -0.113087232112162 0.909961397352952 0 1 2 1 72 0.996137669105665
"173" "prevevening.Alcohol" "panas.negative" 0.0465331442603166 0.373597362016997 0.708703896862604 0 1 2 1 72 0.991059960059723
"174" "prevevening.Alcohol" "panas.fatigue" 0.138021124357385 1.18246362021127 0.23702179236185 0 1 1 1 72 0.90068281097503
"175" "prevevening.Alcohol" "afterscan.Anxietyduringscan" 0.0925393122197166 -0.0437231756132849 0.965125065411662 -0.04244820313979 0.966141402404877 2 1 82 0.997575556269502
"176" "prevevening.Alcohol" "afterscan.diastolic" 0.288685530330466 2.73462381122476 0.00624516039052343 0 1 3 1 82 0.139597702846994
"177" "prevevening.Alcohol" "afterscan.pulse" 0.0706042966528949 0.259597824851769 0.795174014340429 0 1 2 1 70 0.993867379730213
"178" "prevevening.Alcohol" "afterscan.systolic" -0.0563185685779189 -0.420390133311285 0.6742004747802 -0.0232357577826125 0.981462215714688 2 1 82 0.991059960059723
"179" "prevevening.Alcohol" "morning.Sleepquality" -0.0254973758334625 -0.293912215080875 0.768824983863726 0 1 2 1 83 0.991789283659851
"180" "prevevening.Alcohol" "morning.Soreness" -0.0928737150303732 -0.22979623107734 0.818250113527906 0.0948477543664517 0.92443575531767 2 1 83 0.993867379730213
"181" "prevevening.Alcohol" "prevevening.Guthealth" 0.0452259844918864 0.548412706151665 0.583408553826549 0 1 3 1 83 0.991059960059723
"182" "prevevening.Alcohol" "prevevening.Psoriasisseverity" 0.00095171561809426 0.625613042087102 0.531568782223654 0 1 2 1 83 0.991059960059723
"183" "prevevening.Alcohol" "prevevening.Stress" 0.0525710226493605 0.608449424071237 0.542889440092213 0 1 3 1 83 0.991059960059723
"184" "prevevening.Alcohol" "prevevening.Timespentoutdoors" 0.0865909459316172 0.729430399314517 0.465738428143772 0 1 3 1 82 0.991059960059723
"185" "prevevening.Alcohol" "TuesThurs" 0.276910226722807 2.42823830665361 0.0151723702332319 0 1 1 1 71 0.23871995140471
"186" "prevevening.Alcohol" "temp.mean" 0.15049639499421 0.854631364441151 0.392755258395494 0 1 3 1 83 0.991059960059723
"187" "prevevening.Alcohol" "email.LIWCcdi" 0.184605541477336 2.07956914023813 0.0375650699671507 0 1 3 1 82 0.375650699671507
"188" "prevevening.Alcohol" "email.LIWCnegemo" -0.0695175437404937 -0.631033977485841 0.528018308374582 0 1 1 1 82 0.991059960059723
"189" "prevevening.Alcohol" "email.LIWCposemo" 0.0391893294402127 -0.17599989145175 0.8602940277246 0 1 3 1 82 0.993949246206191
"190" "prevevening.Alcohol" "zeo.zq" -0.105414223606822 -0.536912763109377 0.591327874435422 0.0471357161451956 0.962405061594222 1 1 50 0.991059960059723
"191" "prevevening.Guthealth" "panas.positive" -0.414620807105056 -3.14308144555129 0.00167179316338166 0 1 2 1 72 0.0635281402085031
"192" "prevevening.Guthealth" "panas.negative" 0.0903338718988195 0.769654055634438 0.441505130584028 0 1 1 1 72 0.991059960059723
"193" "prevevening.Guthealth" "panas.fatigue" 0.084138769754834 0.716480873163549 0.473694473668193 0 1 1 1 72 0.991059960059723
"194" "prevevening.Guthealth" "afterscan.Anxietyduringscan" 0.145681310560865 0.0744098092143284 0.940684303818661 -0.0425612767163794 0.966051264204938 2 1 82 0.996137669105665
"195" "prevevening.Guthealth" "afterscan.diastolic" 0.00168554063403948 0.307984725200392 0.758093955309543 0 1 2 1 82 0.991789283659851
"196" "prevevening.Guthealth" "afterscan.pulse" -0.0340477815907027 0.0711638839648878 0.94326732493312 0 1 2 1 70 0.996137669105665
"197" "prevevening.Guthealth" "afterscan.systolic" 0.0768622083695637 0.390517622223895 0.696153827044597 0 1 2 1 82 0.991059960059723
"198" "prevevening.Guthealth" "morning.Sleepquality" -0.0751147894399272 -0.679195693401541 0.497013875675645 0 1 3 1 83 0.991059960059723
"199" "prevevening.Guthealth" "morning.Soreness" 0.0485922802357469 0.346788743345946 0.728750034472294 0.0805455666414188 0.935803356993458 1 1 83 0.991059960059723
"200" "prevevening.Guthealth" "prevevening.Alcohol" 0.0452259844918864 0.452503291531979 0.6509064505473 0 1 2 1 83 0.991059960059723
"201" "prevevening.Guthealth" "prevevening.Psoriasisseverity" 0.0562303486986907 0.233265728675518 0.815555069140646 0 1 3 1 83 0.993867379730213
"202" "prevevening.Guthealth" "prevevening.Stress" -0.00686016018618532 -0.35435339068024 0.723074060080452 0 1 3 1 83 0.991059960059723
"203" "prevevening.Guthealth" "prevevening.Timespentoutdoors" -0.032049580508733 -0.627788652839427 0.530142400489002 0 1 3 1 82 0.991059960059723
"204" "prevevening.Guthealth" "TuesThurs" -0.125354937768173 -1.06465622135168 0.287031527974957 0 1 1 1 71 0.96072599677097
"205" "prevevening.Guthealth" "temp.mean" -0.0462795902617875 1.05394989167701 0.291905859016477 0 1 3 1 83 0.964558490663141
"206" "prevevening.Guthealth" "email.LIWCcdi" -0.273179428468222 -2.20033996008306 0.0277827841539324 0 1 3 1 82 0.293262721624842
"207" "prevevening.Guthealth" "email.LIWCnegemo" 0.075677110590585 0.687255301665784 0.491921860724677 0 1 1 1 82 0.991059960059723
"208" "prevevening.Guthealth" "email.LIWCposemo" -0.0230291651672571 -0.152953484893146 0.878434957241699 0 1 2 1 82 0.993949246206191
"209" "prevevening.Guthealth" "zeo.zq" -0.105428023122472 -0.491843293736402 0.622830128200992 0.0418131624002138 0.966647642112207 1 1 50 0.991059960059723
"210" "prevevening.Psoriasisseverity" "panas.positive" 0.172264575133479 1.89334698053975 0.0583117412691083 0 1 2 1 72 0.475210159355402
"211" "prevevening.Psoriasisseverity" "panas.negative" -0.0286341015139547 0.590409505895556 0.554916139115041 0 1 2 1 72 0.991059960059723
"212" "prevevening.Psoriasisseverity" "panas.fatigue" -0.310646409767858 -2.75539833366334 0.00586207194243217 0 1 2 1 72 0.139224208632764
"213" "prevevening.Psoriasisseverity" "afterscan.Anxietyduringscan" 0.0404670821612065 0.416209546578745 0.677256674650736 -0.0419109643439883 0.966569675796569 2 1 82 0.991059960059723
"214" "prevevening.Psoriasisseverity" "afterscan.diastolic" 0.021594156010793 1.08509598858073 0.277879143823997 -0.0470081763855582 0.962506710921181 2 1 82 0.959946133210171
"215" "prevevening.Psoriasisseverity" "afterscan.pulse" 0.0921640038582777 0.974013400788785 0.330049885493368 0 1 2 1 70 0.991059960059723
"216" "prevevening.Psoriasisseverity" "afterscan.systolic" -0.00838301186231278 -0.00488253496421288 0.996104316212777 -0.0253882890312525 0.979745252097807 2 1 82 0.997575556269502
"217" "prevevening.Psoriasisseverity" "morning.Sleepquality" -0.242755662110255 -2.30400593535236 0.0212223104095656 0 1 2 1 83 0.261683461854349
"218" "prevevening.Psoriasisseverity" "morning.Soreness" 0.18663293161449 0.175300704793324 0.860843358000989 0.0793719842794346 0.936736751627977 1 1 83 0.993949246206191
"219" "prevevening.Psoriasisseverity" "prevevening.Alcohol" 0.00095171561809426 0.421604678004095 0.673313591187935 0.0166807078207537 0.986691337949779 2 1 83 0.991059960059723
"220" "prevevening.Psoriasisseverity" "prevevening.Guthealth" 0.0562303486986907 0.561112616703189 0.574720767747666 0 1 3 1 83 0.991059960059723
"221" "prevevening.Psoriasisseverity" "prevevening.Stress" 0.313154598424192 2.99118540057715 0.00277896716052894 0 1 3 1 83 0.0880006267500831
"222" "prevevening.Psoriasisseverity" "prevevening.Timespentoutdoors" -0.0612762251203735 -0.576920261389346 0.563993322684965 0 1 3 1 82 0.991059960059723
"223" "prevevening.Psoriasisseverity" "TuesThurs" 0.260061823304429 2.26940270126963 0.0232438480758592 0 1 1 1 71 0.261683461854349
"224" "prevevening.Psoriasisseverity" "temp.mean" 0.12100930956788 0.355947777095446 0.721879674904658 0 1 2 1 83 0.991059960059723
"225" "prevevening.Psoriasisseverity" "email.LIWCcdi" -0.0503648488877533 -0.660106424832278 0.509185535988304 0 1 3 1 82 0.991059960059723
"226" "prevevening.Psoriasisseverity" "email.LIWCnegemo" 0.0905429765441662 0.861752624459451 0.388823660157596 0 1 3 1 82 0.991059960059723
"227" "prevevening.Psoriasisseverity" "email.LIWCposemo" 0.00330119854477127 0.175490610722868 0.860694147857784 0 1 2 1 82 0.993949246206191
"228" "prevevening.Psoriasisseverity" "zeo.zq" -0.197604862719227 0.214286653939444 0.830323524937876 0.0481990813503347 0.961557582314675 1 1 50 0.993867379730213
"229" "prevevening.Stress" "panas.positive" 0.114735205260722 0.771049560709949 0.440677555904606 0 1 2 1 72 0.991059960059723
"230" "prevevening.Stress" "panas.negative" 0.0829290615513762 0.884079399726653 0.376653352772313 0 1 2 1 72 0.991059960059723
"231" "prevevening.Stress" "panas.fatigue" -0.205274151163209 -1.79492036138981 0.0726663893319944 0 1 2 1 72 0.505508666474093
"232" "prevevening.Stress" "afterscan.Anxietyduringscan" -0.206460547801881 -0.627116857228886 0.530582637964929 -0.0422372423350347 0.966309573948122 2 1 82 0.991059960059723
"233" "prevevening.Stress" "afterscan.diastolic" -0.0551672531367159 0.539513415605224 0.589532642625023 0 1 2 1 82 0.991059960059723
"234" "prevevening.Stress" "afterscan.pulse" -0.104277410905277 -0.877228727073355 0.38036241569701 0 1 1 1 70 0.991059960059723
"235" "prevevening.Stress" "afterscan.systolic" -0.159214943063838 -0.451024284509626 0.651972046525397 -0.0245070137603886 0.980448189224596 2 1 82 0.991059960059723
"236" "prevevening.Stress" "morning.Sleepquality" 0.114938554608381 1.1693899211622 0.242246568718621 0 1 3 1 83 0.911422733792831
"237" "prevevening.Stress" "morning.Soreness" 0.12804893408621 0.212917841720074 0.831391045772703 0.0938850381457829 0.925200479166316 2 1 83 0.993867379730213
"238" "prevevening.Stress" "prevevening.Alcohol" 0.0525710226493605 0.293149211129291 0.76940810310487 0.0150179382590423 0.988017869334948 2 1 83 0.991789283659851
"239" "prevevening.Stress" "prevevening.Guthealth" -0.00686016018618532 0.162374080205722 0.871011280957636 0 1 2 1 83 0.993949246206191
"240" "prevevening.Stress" "prevevening.Psoriasisseverity" 0.313154598424192 2.90450341921549 0.0036783618572411 0 1 3 1 83 0.0998412504108298
"241" "prevevening.Stress" "prevevening.Timespentoutdoors" -0.0743133767946462 -1.01666492748373 0.309312855671472 0 1 3 1 82 0.987721723992936
"242" "prevevening.Stress" "TuesThurs" -0.00837939965075192 -0.0706084688705405 0.943709370054528 0 1 1 1 71 0.996137669105665
"243" "prevevening.Stress" "temp.mean" 0.158041891986697 -0.092395401822041 0.926383892617258 0 1 3 1 83 0.996137669105665
"244" "prevevening.Stress" "email.LIWCcdi" -0.0577895727553988 -0.82738765679484 0.408017374388082 0 1 3 1 82 0.991059960059723
"245" "prevevening.Stress" "email.LIWCnegemo" 0.0698652025526012 0.634205230980165 0.525946894204448 0 1 1 1 82 0.991059960059723
"246" "prevevening.Stress" "email.LIWCposemo" 0.153963999949638 2.04178418362614 0.0411729438314467 0 1 3 1 82 0.401172273229481
"247" "prevevening.Stress" "zeo.zq" 0.0989454889836307 0.456476019876916 0.648047711025017 0.0466854560522768 0.962763922095606 1 1 50 0.991059960059723
"248" "prevevening.Timespentoutdoors" "panas.positive" 0.0798065102108161 0.773543556195377 0.439200761800004 0 1 2 1 71 0.991059960059723
"249" "prevevening.Timespentoutdoors" "panas.negative" -0.22285452696343 -1.85264694073384 0.0639329796889526 0 1 2 1 71 0.484371175352683
"250" "prevevening.Timespentoutdoors" "panas.fatigue" 0.101838514916525 0.895838426014787 0.370339063798564 0 1 2 1 71 0.991059960059723
"251" "prevevening.Timespentoutdoors" "afterscan.Anxietyduringscan" 0.0397022030359009 -0.179001603664561 0.857936442490001 0 1 2 1 81 0.993949246206191
"252" "prevevening.Timespentoutdoors" "afterscan.diastolic" -0.0231650412355466 -0.218713046093511 0.826873585706521 0 1 2 1 81 0.993867379730213
"253" "prevevening.Timespentoutdoors" "afterscan.pulse" -0.156457046347085 -1.31583307999467 0.188230073672382 0 1 1 1 69 0.872285707262258
"254" "prevevening.Timespentoutdoors" "afterscan.systolic" 0.132376927754494 0.352876385135174 0.724181115351508 0 1 2 1 81 0.991059960059723
"255" "prevevening.Timespentoutdoors" "morning.Sleepquality" -0.0311443462572286 -0.232216016005964 0.816370238752881 0 1 2 1 82 0.993867379730213
"256" "prevevening.Timespentoutdoors" "morning.Soreness" 0.0720729701579289 0.3365314633649 0.736470129379882 0.0926338952695522 0.926194414981375 2 1 82 0.991059960059723
"257" "prevevening.Timespentoutdoors" "prevevening.Alcohol" 0.0865909459316172 0.357285008025253 0.720878452195582 0 1 3 1 82 0.991059960059723
"258" "prevevening.Timespentoutdoors" "prevevening.Guthealth" -0.032049580508733 -0.861707709895381 0.388848381855503 0 1 3 1 82 0.991059960059723
"259" "prevevening.Timespentoutdoors" "prevevening.Psoriasisseverity" -0.0612762251203735 -0.512383393345357 0.608382711124923 0 1 2 1 82 0.991059960059723
"260" "prevevening.Timespentoutdoors" "prevevening.Stress" -0.0743133767946462 -0.773432181760397 0.439266650352623 0 1 3 1 82 0.991059960059723
"261" "prevevening.Timespentoutdoors" "TuesThurs" -0.218291751130572 -1.87149152093534 0.0612769840388747 0 1 1 1 70 0.475210159355402
"262" "prevevening.Timespentoutdoors" "temp.mean" 0.0381155620272425 0.268808001322659 0.78807743573859 0 1 3 1 82 0.991789283659851
"263" "prevevening.Timespentoutdoors" "email.LIWCcdi" 0.255311719301432 2.3017306423402 0.0213503670305235 0 1 3 1 81 0.261683461854349
"264" "prevevening.Timespentoutdoors" "email.LIWCnegemo" -0.169036105296297 -1.48234102759533 0.138249576824181 0 1 3 1 81 0.709633010738704
"265" "prevevening.Timespentoutdoors" "email.LIWCposemo" 0.0385357551989276 -0.89066224184781 0.373110396931107 0 1 3 1 81 0.991059960059723
"266" "prevevening.Timespentoutdoors" "zeo.zq" 0.050504722115636 0.239649655817051 0.810601866470172 0.0451489882947319 0.96398855419464 1 1 49 0.993867379730213
"267" "TuesThurs" "panas.positive" 0.224201895070135 1.99236316810714 0.0463312254798896 0 1 1 1 75 0.419187297896429
"268" "TuesThurs" "panas.negative" -0.0612997324332258 -0.531870841435349 0.594815453735997 0 1 1 1 75 0.991059960059723
"269" "TuesThurs" "panas.fatigue" -0.395168408673661 -3.72547596155731 0.000194947030871575 0 1 1 1 75 0.00925999814989112
"270" "TuesThurs" "afterscan.Anxietyduringscan" 0.183168778244339 1.67688761770379 0.0935644599092403 0 1 1 1 81 0.572441584468367
"271" "TuesThurs" "afterscan.diastolic" 0.159597719588128 1.45502799030086 0.145661512730576 0 1 1 1 81 0.709633010738704
"272" "TuesThurs" "afterscan.pulse" 0.25976388496558 2.26661469516544 0.0234137735958218 0 1 1 1 71 0.261683461854349
"273" "TuesThurs" "afterscan.systolic" -0.25780101516223 -2.40137776331077 0.0163334650559233 0 1 1 1 81 0.23871995140471
"274" "TuesThurs" "morning.Sleepquality" 0.00131182772219804 0.0118791022726496 0.990522070610932 0 1 1 1 82 0.997575556269502
"275" "TuesThurs" "morning.Soreness" 0.0449502849869485 0.407453514099829 0.683674929683158 0 1 1 1 82 0.991059960059723
"276" "TuesThurs" "prevevening.Alcohol" 0.276910226722807 2.42823851265154 0.0151723616147937 0 1 1 1 71 0.23871995140471
"277" "TuesThurs" "prevevening.Guthealth" -0.125354937768173 -1.0646562352138 0.287031521699652 0 1 1 1 71 0.96072599677097
"278" "TuesThurs" "prevevening.Psoriasisseverity" 0.260061823304429 2.26940288020238 0.0232438372045828 0 1 1 1 71 0.261683461854349
"279" "TuesThurs" "prevevening.Stress" -0.00837939965075192 -0.0706084680197336 0.943709370731683 0 1 1 1 71 0.996137669105665
"280" "TuesThurs" "prevevening.Timespentoutdoors" -0.218291751130572 -1.87149068718951 0.0612770994958282 0 1 1 1 70 0.475210159355402
"281" "TuesThurs" "temp.mean" -0.00595731613564935 -0.0542746368926783 0.956716356588593 0 1 1 1 83 0.997575556269502
"282" "TuesThurs" "email.LIWCcdi" 0.131300388811919 1.19935748118451 0.230388973038126 0 1 1 1 82 0.899749201747803
"283" "TuesThurs" "email.LIWCnegemo" -0.0476786304363183 -0.432239458074768 0.665567383938524 0 1 1 1 82 0.991059960059723
"284" "TuesThurs" "email.LIWCposemo" -0.0774072483288224 -0.703061141246915 0.482017647376501 0 1 1 1 82 0.991059960059723
"285" "TuesThurs" "zeo.zq" 0.0150721421312116 0.105516815933 0.915965727289568 0 1 1 1 49 0.996137669105665
"286" "temp.mean" "panas.positive" 0.162109919361139 1.4785446687485 0.139262050235072 0 1 1 1 81 0.709633010738704
"287" "temp.mean" "panas.negative" -0.140691889167767 -0.948308906545389 0.342972218021125 0 1 2 1 81 0.991059960059723
"288" "temp.mean" "panas.fatigue" 0.121144094924982 1.08898125455871 0.276162152165889 0 1 2 1 81 0.959946133210171
"289" "temp.mean" "afterscan.Anxietyduringscan" 0.087477303704124 -0.0257952094842206 0.979420682856857 -0.0493793998997146 0.960616944630603 2 1 100 0.997575556269502
"290" "temp.mean" "afterscan.diastolic" -0.0838133882827325 -0.656854375059392 0.511274557282671 0 1 3 1 100 0.991059960059723
"291" "temp.mean" "afterscan.pulse" -0.103364302646706 -0.332555967458716 0.739469486013984 0 1 2 1 84 0.991059960059723
"292" "temp.mean" "afterscan.systolic" -0.185439707627494 -0.465911621778831 0.641278762046547 -0.036930927198501 0.970540080222632 2 1 100 0.991059960059723
"293" "temp.mean" "morning.Sleepquality" -0.0242285538362348 -0.699054318424848 0.484518085461389 0 1 3 1 98 0.991059960059723
"294" "temp.mean" "morning.Soreness" 0.0278677309000777 0.447626813532179 0.654422548432664 0.114330892961613 0.908975494014904 2 1 98 0.991059960059723
"295" "temp.mean" "prevevening.Alcohol" 0.15049639499421 0.349719196063216 0.726549445935448 0.0167126515757685 0.986665854073273 1 1 83 0.991059960059723
"296" "temp.mean" "prevevening.Guthealth" -0.0462795902617875 -0.422078894236057 0.672967432676168 0 1 1 1 83 0.991059960059723
"297" "temp.mean" "prevevening.Psoriasisseverity" 0.12100930956788 0.751083619269378 0.452602333364743 0 1 2 1 83 0.991059960059723
"298" "temp.mean" "prevevening.Stress" 0.158041891986697 1.06203939983529 0.288217799031291 0 1 3 1 83 0.96072599677097
"299" "temp.mean" "prevevening.Timespentoutdoors" 0.0381155620272425 0.467728009691599 0.639979108098292 0 1 3 1 82 0.991059960059723
"300" "temp.mean" "TuesThurs" -0.00595731613564935 -0.0542746337256928 0.956716359111763 0 1 1 1 83 0.997575556269502
"301" "temp.mean" "email.LIWCcdi" -0.0912812382182565 -0.865982558327301 0.386499726691992 0 1 2 1 101 0.991059960059723
"302" "temp.mean" "email.LIWCnegemo" 0.100196533205838 1.01781366065433 0.308766518791402 0 1 2 1 101 0.987721723992936
"303" "temp.mean" "email.LIWCposemo" 0.0919019604689938 1.16335929031823 0.244683759253831 0 1 4 1 101 0.911566946239763
"304" "temp.mean" "zeo.zq" 0.0675643892627447 -0.135883066044633 0.891913722638097 0.016104963883247 0.987150653423211 2 1 58 0.996137669105665
"305" "email.LIWCcdi" "panas.positive" 0.183547894926479 1.6700736690884 0.0949047890039661 0 1 1 1 80 0.572441584468367
"306" "email.LIWCcdi" "panas.negative" -0.0992805711413921 -0.88913246839792 0.373931891155749 0 1 2 1 80 0.991059960059723
"307" "email.LIWCcdi" "panas.fatigue" -0.052589239234213 -0.506069589660604 0.612807797972508 0 1 2 1 80 0.991059960059723
"308" "email.LIWCcdi" "afterscan.Anxietyduringscan" -0.0851148417203251 -0.309691930055898 0.756795240163035 -0.00440005056176027 0.99648927891821 2 1 99 0.991789283659851
"309" "email.LIWCcdi" "afterscan.diastolic" 0.0987500473941416 0.271246693045906 0.78620130272653 0 1 2 1 99 0.991789283659851
"310" "email.LIWCcdi" "afterscan.pulse" 0.0166755710789949 0.325215169196295 0.745018228806357 0 1 2 1 83 0.991789283659851
"311" "email.LIWCcdi" "afterscan.systolic" -0.0883415539451205 -0.846946063172634 0.397025185810762 -0.0364237881220762 0.970944446583481 2 1 99 0.991059960059723
"312" "email.LIWCcdi" "morning.Sleepquality" 0.207324886532118 2.8179679310883 0.00483286365463588 0 1 3 1 97 0.122432545917442
"313" "email.LIWCcdi" "morning.Soreness" 0.139656502583855 0.588973256784663 0.555879213680125 0.0752974292679834 0.939978066824828 2 1 97 0.991059960059723
"314" "email.LIWCcdi" "prevevening.Alcohol" 0.184605541477336 0.53114072054068 0.595321268014496 0.00881945940148036 0.992963180733042 2 1 82 0.991059960059723
"315" "email.LIWCcdi" "prevevening.Guthealth" -0.273179428468222 -1.74332164825954 0.0812774459637697 0 1 3 1 82 0.534099213463617
"316" "email.LIWCcdi" "prevevening.Psoriasisseverity" -0.0503648488877533 -0.371854862073565 0.710000913836518 0 1 3 1 82 0.991059960059723
"317" "email.LIWCcdi" "prevevening.Stress" -0.0577895727553988 -0.156379028549806 0.875734266594322 0 1 3 1 82 0.993949246206191
"318" "email.LIWCcdi" "prevevening.Timespentoutdoors" 0.255311719301432 2.37656503120293 0.0174746808019969 0 1 1 1 81 0.245939952028105
"319" "email.LIWCcdi" "TuesThurs" 0.131300388811919 1.1993575645596 0.230388940632597 0 1 1 1 82 0.899749201747803
"320" "email.LIWCcdi" "temp.mean" -0.0912812382182565 -0.826755121760212 0.408375871538145 0 1 4 1 101 0.991059960059723
"321" "email.LIWCcdi" "email.LIWCnegemo" -0.210514168708902 -2.31973894372342 0.0203550037669994 0 1 3 1 101 0.261683461854349
"322" "email.LIWCcdi" "email.LIWCposemo" -0.156597176783777 -1.26727409970286 0.205057298226968 0 1 3 1 101 0.895652566968366
"323" "email.LIWCcdi" "zeo.zq" 0.171529367468081 0.518240022240106 0.604290814096214 0.0191187453117801 0.984746377566475 1 1 57 0.991059960059723
"324" "email.LIWCnegemo" "panas.positive" -0.132441440558048 -1.19511888732079 0.232040583608644 0 1 1 1 80 0.899749201747803
"325" "email.LIWCnegemo" "panas.negative" 0.275638268095726 2.71489159193845 0.00662974686936501 0 1 2 1 80 0.139961322797706
"326" "email.LIWCnegemo" "panas.fatigue" 0.168564722555354 1.51758409823445 0.129119278094104 0 1 2 1 80 0.691060925010697
"327" "email.LIWCnegemo" "afterscan.Anxietyduringscan" 0.189889485375628 0.525272647201822 0.599393669295288 0 1 2 1 99 0.991059960059723
"328" "email.LIWCnegemo" "afterscan.diastolic" -0.0964688208311412 -0.123715484430692 0.901540551048605 -0.0352478490600305 0.971882107883118 2 1 99 0.996137669105665
"329" "email.LIWCnegemo" "afterscan.pulse" 0.10184733574195 0.762335006529727 0.445860085813315 0 1 2 1 83 0.991059960059723
"330" "email.LIWCnegemo" "afterscan.systolic" -0.00505059050020979 0.0428384135177686 0.965830342523102 0 1 2 1 99 0.997575556269502
"331" "email.LIWCnegemo" "morning.Sleepquality" -0.0355720087170017 -0.336659724362802 0.736373428008532 0 1 3 1 97 0.991059960059723
"332" "email.LIWCnegemo" "morning.Soreness" 0.0144943772547329 0.200201119944903 0.841323291316153 0 1 2 1 97 0.993867379730213
"333" "email.LIWCnegemo" "prevevening.Alcohol" -0.0695175437404937 -0.341307948965092 0.732871764406178 0.011863504155011 0.990534515231246 2 1 82 0.991059960059723
"334" "email.LIWCnegemo" "prevevening.Guthealth" 0.075677110590585 0.152414037476303 0.878860386119158 0 1 3 1 82 0.993949246206191
"335" "email.LIWCnegemo" "prevevening.Psoriasisseverity" 0.0905429765441662 0.880450495029142 0.378615312183761 0 1 2 1 82 0.991059960059723
"336" "email.LIWCnegemo" "prevevening.Stress" 0.0698652025526012 -0.160909091057062 0.872165001984699 0 1 3 1 82 0.993949246206191
"337" "email.LIWCnegemo" "prevevening.Timespentoutdoors" -0.169036105296297 -1.98156915209288 0.0475274825881928 0 1 3 1 81 0.420010311244495
"338" "email.LIWCnegemo" "TuesThurs" -0.0476786304363183 -0.432239440040023 0.665567397044829 0 1 1 1 82 0.991059960059723
"339" "email.LIWCnegemo" "temp.mean" 0.100196533205838 1.73518952421302 0.0827072413962645 0 1 2 1 101 0.534099213463617
"340" "email.LIWCnegemo" "email.LIWCcdi" -0.210514168708902 -2.25002311717726 0.0244474778859375 0 1 3 1 101 0.265429759904464
"341" "email.LIWCnegemo" "email.LIWCposemo" -0.011673494065397 -1.25970868749056 0.207774470282466 0 1 4 1 101 0.897207939856103
"342" "email.LIWCnegemo" "zeo.zq" -0.102888604350403 -0.359016830489475 0.719582498589536 0.0137184424162753 0.989054609911357 1 1 57 0.991059960059723
"343" "email.LIWCposemo" "panas.positive" -0.125896572181573 -1.32391979093337 0.185529684619151 0 1 2 1 80 0.870386174756511
"344" "email.LIWCposemo" "panas.negative" -0.0250748635970646 0.119819532806733 0.904626108474293 0 1 2 1 80 0.996137669105665
"345" "email.LIWCposemo" "panas.fatigue" 0.173343194756368 1.57236968110881 0.115864841445294 0 1 2 1 80 0.667100602260784
"346" "email.LIWCposemo" "afterscan.Anxietyduringscan" -0.0220209073026093 0.136060927184899 0.891773115803401 0 1 2 1 99 0.996137669105665
"347" "email.LIWCposemo" "afterscan.diastolic" 0.0285488475916504 0.360513081021349 0.718463476143867 -0.0340800894438697 0.972813285583352 2 1 99 0.991059960059723
"348" "email.LIWCposemo" "afterscan.pulse" -0.0093827675159851 -0.119409340842633 0.904951061322364 0 1 2 1 83 0.996137669105665
"349" "email.LIWCposemo" "afterscan.systolic" -0.0741044817210463 -0.102934709791014 0.918014789577059 -0.0429439835900623 0.96574618723633 2 1 99 0.996137669105665
"350" "email.LIWCposemo" "morning.Sleepquality" 0.0834577322459379 0.805829771813127 0.420341009125413 0 1 3 1 97 0.991059960059723
"351" "email.LIWCposemo" "morning.Soreness" -0.116054731659331 -0.0300256578658105 0.976046590374993 0 1 2 1 97 0.997575556269502
"352" "email.LIWCposemo" "prevevening.Alcohol" 0.0391893294402127 -0.55060177882488 0.581906689200021 0 1 2 1 82 0.991059960059723
"353" "email.LIWCposemo" "prevevening.Guthealth" -0.0230291651672571 -0.763572071198845 0.445122298035361 0 1 3 1 82 0.991059960059723
"354" "email.LIWCposemo" "prevevening.Psoriasisseverity" 0.00330119854477127 0.222070160923623 0.824259266048354 0 1 2 1 82 0.993867379730213
"355" "email.LIWCposemo" "prevevening.Stress" 0.153963999949638 1.45722208498257 0.145055086187952 0 1 3 1 82 0.709633010738704
"356" "email.LIWCposemo" "prevevening.Timespentoutdoors" 0.0385357551989276 0.174898218377936 0.861159610226052 0 1 3 1 81 0.993949246206191
"357" "email.LIWCposemo" "TuesThurs" -0.0774072483288224 -0.703061157369422 0.482017637329469 0 1 1 1 82 0.991059960059723
"358" "email.LIWCposemo" "temp.mean" 0.0919019604689938 0.5699478580261 0.568713063840357 0 1 4 1 101 0.991059960059723
"359" "email.LIWCposemo" "email.LIWCcdi" -0.156597176783777 -1.62414242539146 0.104345415216171 0 1 2 1 101 0.610019350494538
"360" "email.LIWCposemo" "email.LIWCnegemo" -0.011673494065397 0.163289137564306 0.870290786086271 0 1 4 1 101 0.993949246206191
"361" "email.LIWCposemo" "zeo.zq" -0.0130976604999675 0.398580497637862 0.690202333976213 0.027080041575546 0.978395893438294 1 1 57 0.991059960059723
"362" "zeo.zq" "panas.positive" 0.0587171089685082 0.420048091220579 0.674450322195796 0 1 1 1 51 0.991059960059723
"363" "zeo.zq" "panas.negative" 0.139688041633142 0.751743000587673 0.452205625696598 0 1 2 1 51 0.991059960059723
"364" "zeo.zq" "panas.fatigue" -0.118988050295203 -0.895433234079217 0.370555541543153 0 1 2 1 51 0.991059960059723
"365" "zeo.zq" "afterscan.Anxietyduringscan" -0.0876679712557437 -0.285756468945679 0.775064651152476 0.00539269488119846 0.995697272867896 1 1 56 0.991789283659851
"366" "zeo.zq" "afterscan.diastolic" 0.0119089853505998 0.0285456161575663 0.977226986404645 -0.0619835674481098 0.950575918113413 1 1 56 0.997575556269502
"367" "zeo.zq" "afterscan.pulse" 0.0431659736648076 -0.369376322603291 0.711847243922044 0 1 2 1 53 0.991059960059723
"368" "zeo.zq" "afterscan.systolic" -0.0104243912326046 0.364232402876699 0.715684472396224 0.0315186425163119 0.974855924952411 1 1 56 0.991059960059723
"369" "zeo.zq" "morning.Sleepquality" 0.459564512147532 4.09794386018495 4.16836340435302e-05 0 1 2 1 56 0.0031679561873083
"370" "zeo.zq" "morning.Soreness" 0.222926128724017 -0.342675684053874 0.731842457644074 0.0605965615275609 0.951680511997188 1 1 56 0.991059960059723
"371" "zeo.zq" "prevevening.Alcohol" -0.105414223606822 -0.70992870447897 0.477748349118068 0 1 2 1 50 0.991059960059723
"372" "zeo.zq" "prevevening.Guthealth" -0.105428023122472 -0.900659810079996 0.367769223494343 0 1 2 1 50 0.991059960059723
"373" "zeo.zq" "prevevening.Psoriasisseverity" -0.197604862719227 -0.848054275376457 0.396407744677541 0 1 2 1 50 0.991059960059723
"374" "zeo.zq" "prevevening.Stress" 0.0989454889836307 0.893560582795755 0.371557044154874 0 1 2 1 50 0.991059960059723
"375" "zeo.zq" "prevevening.Timespentoutdoors" 0.050504722115636 0.359465709978268 0.719246725384342 0 1 2 1 49 0.991059960059723
"376" "zeo.zq" "TuesThurs" 0.0150721421312116 0.105516813838864 0.915965728951171 0 1 1 1 49 0.996137669105665
"377" "zeo.zq" "temp.mean" 0.0675643892627447 -0.495438451275999 0.62029065820411 0 1 3 1 58 0.991059960059723
"378" "zeo.zq" "email.LIWCcdi" 0.171529367468081 1.21564534450506 0.224120052803231 0 1 2 1 57 0.899749201747803
"379" "zeo.zq" "email.LIWCnegemo" -0.102888604350403 -0.812906587455509 0.416271617375875 0 1 2 1 57 0.991059960059723
"380" "zeo.zq" "email.LIWCposemo" -0.0130976604999675 0.53437427220296 0.593082615386891 0 1 2 1 57 0.991059960059723
