"xvar" "yvar" "cor.val" "t.arima" "arima.p" "t.drift" "drift.p" "AR" "MA" "nobs" "pval_bh"
"1" "almonds" "panas.positive" -0.0802704213172633 -0.963273104407547 0.335410486838032 0 1 2 1 71 0.990242102149045
"2" "almonds" "panas.negative" 0.133992809038778 0.771969364618014 0.440132572299676 0 1 2 1 71 0.990242102149045
"3" "almonds" "panas.fatigue" -0.0925469702704879 -0.796727850522718 0.425609105442741 0 1 2 1 71 0.990242102149045
"4" "almonds" "afterscan.Anxietyduringscan" -0.0129317853188603 0.155048047032147 0.876783439217543 0 1 2 1 81 0.990242102149045
"5" "almonds" "afterscan.diastolic" -0.0334824765091213 0.216931707068167 0.828261567257882 -0.0423885004669465 0.966188995409064 2 1 81 0.990242102149045
"6" "almonds" "afterscan.pulse" 0.336134181463604 3.21084366293553 0.00132345914459974 0 1 2 1 69 0.180019568601962
"7" "almonds" "afterscan.systolic" -0.0713282934036568 -0.409857320875338 0.681910614778773 -0.0315714983698317 0.974813773060657 2 1 81 0.990242102149045
"8" "almonds" "morning.Sleepquality" 0.0939126833492988 1.00535867605818 0.314724170661516 0 1 3 1 82 0.990242102149045
"9" "almonds" "morning.Soreness" -0.017667856778683 0.0848857579298823 0.932352214442976 0.0947976155357037 0.924475580870978 2 1 82 0.990242102149045
"10" "almonds" "prevevening.Alcohol" -0.00620688803686112 0.476655230180977 0.633607647763831 0.0223368265238585 0.982179272885509 2 1 82 0.990242102149045
"11" "almonds" "prevevening.Guthealth" 0.161437975421614 1.48131195267063 0.138523464854115 0 1 1 1 82 0.888460843547083
"12" "almonds" "prevevening.Psoriasisseverity" -0.0545777805907275 -0.460430489939434 0.645207253783572 0 1 2 1 82 0.990242102149045
"13" "almonds" "prevevening.Stress" 0.159550240256608 1.20293423469982 0.229001771068328 0 1 3 1 82 0.990242102149045
"14" "almonds" "prevevening.Timespentoutdoors" -0.22340829488634 -2.14725631321837 0.0317728817316263 0 1 3 1 81 0.590975600208249
"15" "almonds" "temp.mean" 0.129903720176864 0.479266528452803 0.631749030793363 0 1 2 1 82 0.990242102149045
"16" "almonds" "email.LIWCcdi" -0.121708391173965 -1.04842028810161 0.294445010240184 0 1 3 1 81 0.990242102149045
"17" "almonds" "email.LIWCnegemo" 0.0668371573182765 0.602881758004025 0.546587352229386 0 1 1 1 81 0.990242102149045
"18" "almonds" "email.LIWCposemo" 0.156940164213833 0.877244333048754 0.380353940952031 0 1 3 1 81 0.990242102149045
"19" "avocado" "panas.positive" -0.118814350995075 -0.504761717395749 0.613726207108538 0 1 2 1 71 0.990242102149045
"20" "avocado" "panas.negative" 0.109867980280628 0.238543580712341 0.811459518184094 0 1 2 1 71 0.990242102149045
"21" "avocado" "panas.fatigue" 0.00646084351094751 0.084823573012727 0.932401652522655 0 1 2 1 71 0.990242102149045
"22" "avocado" "afterscan.Anxietyduringscan" 0.104046810360543 0.393487634510754 0.693959355209466 -0.0526830347314564 0.957984456575115 2 1 81 0.990242102149045
"23" "avocado" "afterscan.diastolic" -0.0740156423366692 -0.325713815244322 0.744640890710435 0 1 2 1 81 0.990242102149045
"24" "avocado" "afterscan.pulse" 0.0501214404098673 -0.0449202350329448 0.964170887899301 0 1 2 1 69 0.993668176958551
"25" "avocado" "afterscan.systolic" 0.08117267081742 0.565475827964736 0.57175016098396 -0.0394258525397088 0.96855086858343 2 1 81 0.990242102149045
"26" "avocado" "morning.Sleepquality" 0.235260101136322 0.962329971700814 0.335883878102796 0.0166885465775914 0.986685084397205 2 1 82 0.990242102149045
"27" "avocado" "morning.Soreness" 0.0648173996546715 0.757829254419003 0.448553206680905 0.0646355749195159 0.948464159230219 1 1 82 0.990242102149045
"28" "avocado" "prevevening.Alcohol" 0.113978467335198 1.25449148120883 0.209663420167004 0 1 3 1 82 0.97588731899547
"29" "avocado" "prevevening.Guthealth" 0.0538070067741788 1.03906127475739 0.298776239680782 0 1 3 1 82 0.990242102149045
"30" "avocado" "prevevening.Psoriasisseverity" -0.154552928496634 -1.02735989900578 0.30425102681111 0 1 2 1 82 0.990242102149045
"31" "avocado" "prevevening.Stress" -0.0664435399856304 -0.258200804261216 0.796251937256212 0 1 2 1 82 0.990242102149045
"32" "avocado" "prevevening.Timespentoutdoors" 0.0178983762242477 -0.23679793559888 0.812813553169589 0 1 3 1 81 0.990242102149045
"33" "avocado" "temp.mean" -0.0997196527112069 1.28821423888483 0.197671396756381 0 1 3 1 82 0.97588731899547
"34" "avocado" "email.LIWCcdi" 0.0343914482778092 0.467827492997007 0.639907958087234 0 1 3 1 81 0.990242102149045
"35" "avocado" "email.LIWCnegemo" -0.160289697723238 -1.46150271715467 0.143877530424219 0 1 1 1 81 0.895479265656853
"36" "avocado" "email.LIWCposemo" 0.0442333790532767 0.072802719853895 0.941963106572216 0 1 3 1 81 0.990242102149045
"37" "bacon" "panas.positive" 0.122257862443201 0.921709705568349 0.35668001666993 0 1 2 1 71 0.990242102149045
"38" "bacon" "panas.negative" -0.0104604782633797 0.236519027846071 0.813029943988126 0 1 2 1 71 0.990242102149045
"39" "bacon" "panas.fatigue" -0.0878254905632077 -0.728920373229542 0.466050371662507 0 1 2 1 71 0.990242102149045
"40" "bacon" "afterscan.Anxietyduringscan" 0.0767421379836197 0.340504143893196 0.733476902659135 -0.0416978488518632 0.966739568838949 2 1 81 0.990242102149045
"41" "bacon" "afterscan.diastolic" 0.0134403310954607 -0.107941679410324 0.914041954863098 0 1 2 1 81 0.990242102149045
"42" "bacon" "afterscan.pulse" -0.341982326627744 -2.35431382010277 0.0185569371184842 0 1 2 1 69 0.398260419696699
"43" "bacon" "afterscan.systolic" -0.136706636751753 -0.204752943174797 0.837765153908446 0 1 2 1 81 0.990242102149045
"44" "bacon" "morning.Sleepquality" 0.136960515897135 1.19033450095035 0.233914945624665 0 1 2 1 82 0.990242102149045
"45" "bacon" "morning.Soreness" 0.026531815529124 0.487944757082229 0.625588971104166 0.0789940140850898 0.93703738425447 1 1 82 0.990242102149045
"46" "bacon" "prevevening.Alcohol" 0.0734589791978009 0.728661901474869 0.46620850313744 0 1 3 1 82 0.990242102149045
"47" "bacon" "prevevening.Guthealth" -0.0466664606241495 -0.893367531576448 0.371660384222267 0 1 3 1 82 0.990242102149045
"48" "bacon" "prevevening.Psoriasisseverity" -0.0955095628552875 -0.869434524041291 0.384609506531326 0 1 3 1 82 0.990242102149045
"49" "bacon" "prevevening.Stress" 0.0013947408355708 -0.513107482225086 0.607876137924059 0 1 3 1 82 0.990242102149045
"50" "bacon" "prevevening.Timespentoutdoors" 0.124300132382716 1.0826373768757 0.278969410192871 0 1 3 1 81 0.990242102149045
"51" "bacon" "temp.mean" 0.0194735102198668 -1.10366592098417 0.269738083881919 0 1 2 1 82 0.990242102149045
"52" "bacon" "email.LIWCcdi" 0.0703591471077275 0.211019662281865 0.832871928525349 0 1 3 1 81 0.990242102149045
"53" "bacon" "email.LIWCnegemo" -0.0104892304097235 -0.190867372911482 0.848629502846859 0 1 3 1 81 0.990242102149045
"54" "bacon" "email.LIWCposemo" -0.246481195467512 -1.66413871128162 0.096084712559347 0 1 3 1 81 0.800227904598741
"55" "beef" "panas.positive" -0.0484249479083055 -0.271952675225842 0.785658407998449 0 1 2 1 71 0.990242102149045
"56" "beef" "panas.negative" 0.0316626508671848 0.272636865917282 0.785132370197184 0 1 2 1 71 0.990242102149045
"57" "beef" "panas.fatigue" 0.00515618398795832 0.0434473034186842 0.965344970602574 0 1 1 1 71 0.993668176958551
"58" "beef" "afterscan.Anxietyduringscan" 0.0782398426598346 0.732298709757086 0.463986266677151 -0.0549214801287282 0.956201019036181 2 1 81 0.990242102149045
"59" "beef" "afterscan.diastolic" -0.0850903751538048 -0.734514488455183 0.46263523320915 0 1 3 1 81 0.990242102149045
"60" "beef" "afterscan.pulse" -0.0264382165391771 -0.219688841351987 0.826113495688539 0 1 1 1 69 0.990242102149045
"61" "beef" "afterscan.systolic" 0.0432191532679789 0.157327884272178 0.874986445430789 -0.0277803009458721 0.97783737746679 2 1 81 0.990242102149045
"62" "beef" "morning.Sleepquality" -0.0725885131545192 -0.654076436754379 0.513062561526861 0 1 3 1 82 0.990242102149045
"63" "beef" "morning.Soreness" 0.089932517948867 -0.286836179838244 0.774237758897543 0.098603017611083 0.921453473992561 2 1 82 0.990242102149045
"64" "beef" "prevevening.Alcohol" -0.170754089106876 -1.97259604672222 0.0485416037783814 0 1 3 1 82 0.674783758562905
"65" "beef" "prevevening.Guthealth" -0.140899817978101 -1.43678312353426 0.150779627189989 0 1 3 1 82 0.922595826807459
"66" "beef" "prevevening.Psoriasisseverity" 0.0527355345968064 1.10305761414134 0.270002146030309 0 1 3 1 82 0.990242102149045
"67" "beef" "prevevening.Stress" -0.0389529916535151 -0.0785628733331483 0.937380319014638 0 1 3 1 82 0.990242102149045
"68" "beef" "prevevening.Timespentoutdoors" 0.0753109521367077 0.520262517605615 0.602880616744014 0 1 3 1 81 0.990242102149045
"69" "beef" "temp.mean" -0.0041334679803157 1.86305291869416 0.0624548213124287 0 1 3 1 82 0.722404897112462
"70" "beef" "email.LIWCcdi" -0.10731996396044 -0.995440101109123 0.319522263141517 0 1 3 1 81 0.990242102149045
"71" "beef" "email.LIWCnegemo" 0.00280863137134855 -0.096084198117783 0.923453701310831 0 1 3 1 81 0.990242102149045
"72" "beef" "email.LIWCposemo" 0.0252607154945219 0.341412674934963 0.732792934507986 0 1 3 1 81 0.990242102149045
"73" "beets" "panas.positive" -0.104286209785919 -0.701774460012926 0.4828198287426 0 1 2 1 71 0.990242102149045
"74" "beets" "panas.negative" -0.0366946935905858 -1.12045155319247 0.262521386635152 0 1 2 1 71 0.990242102149045
"75" "beets" "panas.fatigue" 0.152204943085205 1.29761864632528 0.194418411501729 0 1 1 1 71 0.97588731899547
"76" "beets" "afterscan.Anxietyduringscan" -0.0108438122766481 -0.518096294757207 0.604391085300029 -0.0434196440236877 0.965367018800396 2 1 81 0.990242102149045
"77" "beets" "afterscan.diastolic" 0.0193361834092621 -0.390040694845132 0.696506455145145 -0.0458067892629665 0.963464247443561 2 1 81 0.990242102149045
"78" "beets" "afterscan.pulse" -0.0685982640870936 -0.70028895007359 0.483746871102901 0 1 2 1 69 0.990242102149045
"79" "beets" "afterscan.systolic" 0.0475648300560857 0.295663318089347 0.767487213263876 -0.0258337147345579 0.97938997034701 2 1 81 0.990242102149045
"80" "beets" "morning.Sleepquality" -0.0435438140732436 -0.448136240575178 0.654054874550075 0 1 2 1 82 0.990242102149045
"81" "beets" "morning.Soreness" -0.0965414223146821 0.190372866177777 0.849016958496893 0.0781255504464763 0.93772818298898 1 1 82 0.990242102149045
"82" "beets" "prevevening.Alcohol" -0.0131545197518156 -0.239206622756717 0.810945367502939 0.0154629295216685 0.987662858911411 2 1 82 0.990242102149045
"83" "beets" "prevevening.Guthealth" 0.331185921342098 1.98153402633515 0.0475314174273143 0 1 3 1 82 0.674783758562905
"84" "beets" "prevevening.Psoriasisseverity" -0.0770988787634582 -1.1561518460676 0.247619052379565 0 1 2 1 82 0.990242102149045
"85" "beets" "prevevening.Stress" -0.034312147019962 -0.543634464540107 0.586693038335481 0 1 3 1 82 0.990242102149045
"86" "beets" "prevevening.Timespentoutdoors" 0.0168408517746249 -0.0979200272660593 0.921995796950886 0 1 3 1 81 0.990242102149045
"87" "beets" "temp.mean" -0.176493080472618 0.795205894330254 0.426493743632355 0 1 3 1 82 0.990242102149045
"88" "beets" "email.LIWCcdi" -0.0363386665931845 -0.142399932973793 0.886764115325862 0 1 3 1 81 0.990242102149045
"89" "beets" "email.LIWCnegemo" 0.00835721748670799 0.0496683098959341 0.960386710316888 0 1 3 1 81 0.993668176958551
"90" "beets" "email.LIWCposemo" 0.0213771015865321 0.740646975866856 0.458907517226344 0 1 3 1 81 0.990242102149045
"91" "blackberries" "panas.positive" -0.278055985203464 -1.59641465862169 0.110396245534602 0 1 2 1 71 0.821348066777439
"92" "blackberries" "panas.negative" 0.00669269865237238 -0.0448636997064568 0.964215951132842 0 1 2 1 71 0.993668176958551
"93" "blackberries" "panas.fatigue" 0.161501148240918 1.41702933023771 0.156474352375663 0 1 2 1 71 0.928858389634255
"94" "blackberries" "afterscan.Anxietyduringscan" 0.0706031927446539 0.580881533991292 0.561320298658369 -0.0438575496060505 0.965017953225732 2 1 81 0.990242102149045
"95" "blackberries" "afterscan.diastolic" -0.140482017384011 -1.45948327866509 0.144432139622073 0 1 3 1 81 0.895479265656853
"96" "blackberries" "afterscan.pulse" -0.0214561918104727 0.013375804335543 0.989327970459242 0 1 2 1 69 0.996471132700825
"97" "blackberries" "afterscan.systolic" 0.0373101869200817 0.18843924799836 0.850532335298758 -0.0256386458210245 0.979545561284726 2 1 81 0.990242102149045
"98" "blackberries" "morning.Sleepquality" -0.041459771921565 -0.633549483924952 0.526374877220431 0 1 3 1 82 0.990242102149045
"99" "blackberries" "morning.Soreness" 0.0251530207615143 0.155504402469269 0.876423683492653 0.0780738431665219 0.937769313797883 1 1 82 0.990242102149045
"100" "blackberries" "prevevening.Alcohol" -0.0811042224870951 -0.798253717364061 0.424723270370195 0 1 3 1 82 0.990242102149045
"101" "blackberries" "prevevening.Guthealth" 0.200879491956934 1.51954640636499 0.128625016301603 0 1 3 1 82 0.85443760828922
"102" "blackberries" "prevevening.Psoriasisseverity" -0.0777448064558826 -0.787952910328455 0.430724250549466 0 1 2 1 82 0.990242102149045
"103" "blackberries" "prevevening.Stress" -0.269740938449127 -2.36619444687774 0.017972002491693 0 1 3 1 82 0.398260419696699
"104" "blackberries" "prevevening.Timespentoutdoors" -0.0131040144094719 0.070115425499778 0.944101789145684 0 1 3 1 81 0.990242102149045
"105" "blackberries" "temp.mean" -0.0814297095263916 0.71982165088867 0.471634812606101 0 1 3 1 82 0.990242102149045
"106" "blackberries" "email.LIWCcdi" -0.0590635705482412 -0.091526314992849 0.927074397645741 0 1 3 1 81 0.990242102149045
"107" "blackberries" "email.LIWCnegemo" -0.0222827679372545 -0.200594463241437 0.841015687771123 0 1 1 1 81 0.990242102149045
"108" "blackberries" "email.LIWCposemo" -0.15031882224749 0.188620084035718 0.850390590580873 0 1 3 1 81 0.990242102149045
"109" "brussels_sprouts" "panas.positive" -0.0568780031764819 -0.304992245422354 0.760372058389831 0 1 2 1 71 0.990242102149045
"110" "brussels_sprouts" "panas.negative" -0.195298739000946 -2.49409466137032 0.0126278862451739 0 1 2 1 71 0.320289114763956
"111" "brussels_sprouts" "panas.fatigue" 0.106744390148675 0.890143189761454 0.373389004543322 0 1 2 1 71 0.990242102149045
"112" "brussels_sprouts" "afterscan.Anxietyduringscan" -0.0711248192537317 -0.34538459434922 0.729805257353966 -0.0432777154862071 0.965480155041532 2 1 81 0.990242102149045
"113" "brussels_sprouts" "afterscan.diastolic" 0.00121365053444576 -0.116753979453631 0.907055013320932 0 1 2 1 81 0.990242102149045
"114" "brussels_sprouts" "afterscan.pulse" 0.0696213034753858 0.579723945044173 0.562100793087799 0 1 1 1 69 0.990242102149045
"115" "brussels_sprouts" "afterscan.systolic" 0.0355228092644368 0.65506481455194 0.512426024694747 -0.0270092374236085 0.97845236632169 2 1 81 0.990242102149045
"116" "brussels_sprouts" "morning.Sleepquality" -0.284253568351895 -2.72511982175596 0.00642781551274202 0 1 2 1 82 0.247239827318422
"117" "brussels_sprouts" "morning.Soreness" -0.0521622438227783 -0.149077859246329 0.881492196410182 0.0780648907952875 0.937776435022261 1 1 82 0.990242102149045
"118" "brussels_sprouts" "prevevening.Alcohol" -0.0216300643708797 0.0924598103646567 0.926332721078716 0.0154026533338416 0.987710946624163 2 1 82 0.990242102149045
"119" "brussels_sprouts" "prevevening.Guthealth" 0.161437975421614 0.999244657950465 0.31767618724324 0 1 3 1 82 0.990242102149045
"120" "brussels_sprouts" "prevevening.Psoriasisseverity" 0.0790155927955308 -1.75716142116103 0.0788902989362837 0 1 3 1 82 0.755436558581362
"121" "brussels_sprouts" "prevevening.Stress" -0.0172486746223361 -0.303380843652964 0.761599642729287 0 1 3 1 82 0.990242102149045
"122" "brussels_sprouts" "prevevening.Timespentoutdoors" 0.161321760998202 1.54930343701673 0.121308793932135 0 1 3 1 81 0.846128837676642
"123" "brussels_sprouts" "temp.mean" 0.0760681329498799 0.580298101149513 0.561713607720101 0 1 3 1 82 0.990242102149045
"124" "brussels_sprouts" "email.LIWCcdi" -0.00174623646796355 0.352974299833608 0.724107707773434 0 1 3 1 81 0.990242102149045
"125" "brussels_sprouts" "email.LIWCnegemo" -0.149746076707644 -1.358243121312 0.174386551858312 0 1 3 1 81 0.972671642436877
"126" "brussels_sprouts" "email.LIWCposemo" -0.051507407210521 0.197675676753021 0.843298821318206 0 1 3 1 81 0.990242102149045
"127" "carrots" "panas.positive" -0.00333498010842624 0.3127410638049 0.754477394925741 0 1 2 1 71 0.990242102149045
"128" "carrots" "panas.negative" 0.0484013919657609 -0.533435227758735 0.593732337198794 0 1 2 1 71 0.990242102149045
"129" "carrots" "panas.fatigue" 0.0147201953837454 0.122282166423098 0.902675555132555 0 1 2 1 71 0.990242102149045
"130" "carrots" "afterscan.Anxietyduringscan" 0.13760659224649 0.0405010021313115 0.967693708113355 -0.0436772243973514 0.965161694185577 2 1 81 0.993668176958551
"131" "carrots" "afterscan.diastolic" -0.0844403410127857 -0.788092631875321 0.430642524712467 0 1 2 1 81 0.990242102149045
"132" "carrots" "afterscan.pulse" 0.0520722334200552 -0.169306356453478 0.865555676434145 0 1 2 1 69 0.990242102149045
"133" "carrots" "afterscan.systolic" 0.0554924824501475 0.424990052144296 0.670843926580719 -0.0346999902136491 0.97231896873232 2 1 81 0.990242102149045
"134" "carrots" "morning.Sleepquality" 0.024672875646026 0.230863180456751 0.817421095812962 0 1 2 1 82 0.990242102149045
"135" "carrots" "morning.Soreness" 0.129280632028746 0.516308938969095 0.605638653966958 0.0728209762551382 0.941948578633023 1 1 82 0.990242102149045
"136" "carrots" "prevevening.Alcohol" 0.0512704172472964 1.03601684145554 0.300194285591133 0 1 3 1 82 0.990242102149045
"137" "carrots" "prevevening.Guthealth" 0.278565825483999 1.50589485683781 0.132094167075722 0 1 3 1 82 0.857415072245971
"138" "carrots" "prevevening.Psoriasisseverity" -0.0153136933544388 -0.708534597210978 0.478613335166626 0 1 2 1 82 0.990242102149045
"139" "carrots" "prevevening.Stress" -0.0313687192360283 -0.245724775121019 0.805895292326216 0 1 3 1 82 0.990242102149045
"140" "carrots" "prevevening.Timespentoutdoors" -0.0374077688612996 -0.441263215677367 0.659022452855741 0 1 3 1 81 0.990242102149045
"141" "carrots" "temp.mean" -0.122202949806107 -0.0740762298946845 0.940949729081951 0 1 3 1 82 0.990242102149045
"142" "carrots" "email.LIWCcdi" -0.0916175529731128 -0.5274597181063 0.597874382537847 0 1 3 1 81 0.990242102149045
"143" "carrots" "email.LIWCnegemo" 0.151208686408126 1.37670601052413 0.168603159704934 0 1 1 1 81 0.969902712529414
"144" "carrots" "email.LIWCposemo" -0.0658213985448113 -0.2817864407043 0.778107268554866 0 1 3 1 81 0.990242102149045
"145" "cashews" "panas.positive" 0.0123380225857881 1.046258459716 0.295441718791534 0 1 2 1 71 0.990242102149045
"146" "cashews" "panas.negative" -0.0576097462288327 -0.434173485567548 0.664162465557123 0 1 2 1 71 0.990242102149045
"147" "cashews" "panas.fatigue" -0.0819676163964833 -0.734499473277882 0.462644381068531 0 1 2 1 71 0.990242102149045
"148" "cashews" "afterscan.Anxietyduringscan" 0.0570919049640734 0.156077138609636 0.875972218256043 -0.0423783881011205 0.966197056665932 2 1 81 0.990242102149045
"149" "cashews" "afterscan.diastolic" 0.0705218703611994 0.211372012485176 0.83259699416533 0 1 2 1 81 0.990242102149045
"150" "cashews" "afterscan.pulse" 0.0580099352730067 1.00887989129642 0.31303224014048 0 1 2 1 69 0.990242102149045
"151" "cashews" "afterscan.systolic" 0.0317711712102459 -0.221579474915595 0.824641261973454 -0.0266545430324627 0.978735269642205 2 1 81 0.990242102149045
"152" "cashews" "morning.Sleepquality" -0.0435107973799805 -0.323461697343738 0.746345610779941 0 1 3 1 82 0.990242102149045
"153" "cashews" "morning.Soreness" 0.148620088384806 0.690382607907904 0.489953611034946 0.0800099210319447 0.936229365427137 1 1 82 0.990242102149045
"154" "cashews" "prevevening.Alcohol" 0.00903321164566983 0.27110098357522 0.786313365112478 0.0170758684713784 0.986376090276202 2 1 82 0.990242102149045
"155" "cashews" "prevevening.Guthealth" -0.056829292567875 -0.515443553971125 0.606243103974357 0 1 1 1 82 0.990242102149045
"156" "cashews" "prevevening.Psoriasisseverity" 0.14479711259438 1.60475534482688 0.108547656817165 0 1 3 1 82 0.821348066777439
"157" "cashews" "prevevening.Stress" 0.14044643236099 1.27720467541965 0.201529996789078 0 1 3 1 82 0.97588731899547
"158" "cashews" "prevevening.Timespentoutdoors" 0.199289143650067 1.81064074517833 0.0701964807104154 0 1 2 1 81 0.755436558581362
"159" "cashews" "temp.mean" -0.0454349594543213 -0.571479769881904 0.567674469724464 0 1 3 1 82 0.990242102149045
"160" "cashews" "email.LIWCcdi" 0.226571621881854 1.73504162179978 0.082733433246682 0 1 3 1 81 0.755436558581362
"161" "cashews" "email.LIWCnegemo" -0.106631392409138 -0.99542921299568 0.319527556406495 0 1 3 1 81 0.990242102149045
"162" "cashews" "email.LIWCposemo" 0.172470477522212 0.232376970500191 0.816245234282911 0 1 3 1 81 0.990242102149045
"163" "cheese" "panas.positive" 0.0203016553457059 -0.223774311359546 0.822932919668603 0 1 2 1 71 0.990242102149045
"164" "cheese" "panas.negative" 0.130449655253794 1.5540132478396 0.120181256619832 0 1 2 1 71 0.846128837676642
"165" "cheese" "panas.fatigue" -0.204230237492078 -1.7201515810902 0.0854048916795887 0 1 2 1 71 0.755436558581362
"166" "cheese" "afterscan.Anxietyduringscan" 0.122728923208021 0.260327016200949 0.794611534904 -0.0471708072950428 0.962377094016805 2 1 81 0.990242102149045
"167" "cheese" "afterscan.diastolic" 0.0321048413060313 -0.000331750495033233 0.99973530140683 0 1 2 1 81 0.99973530140683
"168" "cheese" "afterscan.pulse" -0.012380562415967 0.983269181457351 0.325474973776767 0 1 2 1 69 0.990242102149045
"169" "cheese" "afterscan.systolic" -0.153259083997205 -0.606209502239949 0.544375643686998 -0.0162126859112625 0.987064714900575 2 1 81 0.990242102149045
"170" "cheese" "morning.Sleepquality" 0.00244829037427311 -0.0322483348980013 0.974274010529557 0 1 2 1 82 0.994501808262593
"171" "cheese" "morning.Soreness" 0.0687827134734319 -0.285427753561192 0.775316447218942 0.0981370643580137 0.921823456460181 2 1 82 0.990242102149045
"172" "cheese" "prevevening.Alcohol" 0.155510170691774 0.438715529844306 0.660867672900577 0 1 2 1 82 0.990242102149045
"173" "cheese" "prevevening.Guthealth" -0.00607240581290255 -0.329444269102981 0.741819911621147 0 1 3 1 82 0.990242102149045
"174" "cheese" "prevevening.Psoriasisseverity" 0.0824536434578448 0.48245269540136 0.629484394996825 0 1 3 1 82 0.990242102149045
"175" "cheese" "prevevening.Stress" 0.256432101801804 2.00253695235151 0.045227012981707 0 1 3 1 82 0.664122980099803
"176" "cheese" "prevevening.Timespentoutdoors" 0.0936558251537449 0.454478971362923 0.649484123960363 0 1 3 1 81 0.990242102149045
"177" "cheese" "temp.mean" 0.0789728065458412 0.912651493676243 0.361425862702757 0 1 2 1 82 0.990242102149045
"178" "cheese" "email.LIWCcdi" -0.0359770597021851 -0.881857218058962 0.377854024929865 0 1 3 1 81 0.990242102149045
"179" "cheese" "email.LIWCnegemo" 0.0178321478203881 0.0247633584362168 0.980243717821552 0 1 3 1 81 0.994501808262593
"180" "cheese" "email.LIWCposemo" -0.0164488049336711 0.504830200952306 0.613678101785685 0 1 3 1 81 0.990242102149045
"181" "chocolate" "panas.positive" -0.226934807998373 -1.74020787359396 0.0818225235888162 0 1 2 1 71 0.755436558581362
"182" "chocolate" "panas.negative" 0.0377780306329376 0.592940852524324 0.553220736674904 0 1 2 1 71 0.990242102149045
"183" "chocolate" "panas.fatigue" 0.144604117035474 1.24767553588269 0.212149903849845 0 1 2 1 71 0.97834418469598
"184" "chocolate" "afterscan.Anxietyduringscan" -0.0933520056018673 -0.911002086977517 0.362294274051226 -0.059726012725674 0.952373853554315 2 1 81 0.990242102149045
"185" "chocolate" "afterscan.diastolic" 0.114409706419776 1.32320431316193 0.185767442046697 0 1 3 1 81 0.97588731899547
"186" "chocolate" "afterscan.pulse" 0.0857538764655672 0.714957982859526 0.47463500670451 0 1 1 1 69 0.990242102149045
"187" "chocolate" "afterscan.systolic" -0.0387709083493735 -0.554629993857013 0.579147768985442 0 1 2 1 81 0.990242102149045
"188" "chocolate" "morning.Sleepquality" -0.121758669961181 -1.06758515540144 0.285707682703289 0 1 3 1 82 0.990242102149045
"189" "chocolate" "morning.Soreness" 0.000667585897728626 0.149465816195098 0.88118608106464 0.0800544435252212 0.936193955202835 1 1 82 0.990242102149045
"190" "chocolate" "prevevening.Alcohol" 0.0404456520204354 0.360337861678428 0.718594488804326 0 1 3 1 82 0.990242102149045
"191" "chocolate" "prevevening.Guthealth" 0.149759127645518 1.21991602749207 0.22249670935496 0 1 3 1 82 0.990242102149045
"192" "chocolate" "prevevening.Psoriasisseverity" 0.113115389599576 0.783847221926602 0.433129761535165 0 1 3 1 82 0.990242102149045
"193" "chocolate" "prevevening.Stress" 0.223777318466456 2.52817332701064 0.0114657731946744 0 1 2 1 82 0.319895072131416
"194" "chocolate" "prevevening.Timespentoutdoors" -0.0402552804916571 -0.438727893495975 0.660858713250897 0 1 3 1 81 0.990242102149045
"195" "chocolate" "temp.mean" 0.0297653352004334 0.454251564648854 0.649647773117988 0 1 3 1 82 0.990242102149045
"196" "chocolate" "email.LIWCcdi" -0.142604789662376 -1.95324834199585 0.0507901753757025 0 1 3 1 81 0.674783758562905
"197" "chocolate" "email.LIWCnegemo" -0.000658572263228393 -0.00592714422658685 0.995270850821958 0 1 1 1 81 0.99973530140683
"198" "chocolate" "email.LIWCposemo" -0.0136929124811091 1.73042939147958 0.0835535863823748 0 1 3 1 81 0.755436558581362
"199" "eggs" "panas.positive" 0.23094430600106 1.65326527383903 0.0982768871344654 0 1 2 1 71 0.804744213707185
"200" "eggs" "panas.negative" -0.0513334630180353 -0.281685806259352 0.778184438928295 0 1 2 1 71 0.990242102149045
"201" "eggs" "panas.fatigue" -0.170881357995411 -1.4246329665017 0.15426332537432 0 1 2 1 71 0.92557995224592
"202" "eggs" "afterscan.Anxietyduringscan" 0.100970687477529 0.194176662931851 0.846037555368535 0 1 2 1 81 0.990242102149045
"203" "eggs" "afterscan.diastolic" -0.137475384939805 -1.21612402777309 0.223937678714568 0 1 3 1 81 0.990242102149045
"204" "eggs" "afterscan.pulse" -0.354296847997776 -3.52722779829452 0.000419935300912704 0 1 2 1 69 0.117161948954644
"205" "eggs" "afterscan.systolic" -0.231767600500645 -0.277213629471573 0.781616074785898 0 1 2 1 81 0.990242102149045
"206" "eggs" "morning.Sleepquality" 0.0933077204691051 0.818581202657531 0.413025395233229 0 1 2 1 82 0.990242102149045
"207" "eggs" "morning.Soreness" 0.0523396188488545 0.0135559091842491 0.989184280609509 0.0779837487373981 0.937840980249108 1 1 82 0.996471132700825
"208" "eggs" "prevevening.Alcohol" -0.0250501996244663 0.0855316077826647 0.931838768156554 0.0158898976549039 0.987322229489937 2 1 82 0.990242102149045
"209" "eggs" "prevevening.Guthealth" -0.110019296770515 -0.691529681911742 0.489232734373905 0 1 3 1 82 0.990242102149045
"210" "eggs" "prevevening.Psoriasisseverity" 0.0306914322376337 -0.476389760647564 0.633796728080956 0 1 3 1 82 0.990242102149045
"211" "eggs" "prevevening.Stress" 0.0702775016898008 0.241135478512418 0.809450116049619 0 1 3 1 82 0.990242102149045
"212" "eggs" "prevevening.Timespentoutdoors" 0.100733950198394 0.68936841645308 0.490591453601198 0 1 3 1 81 0.990242102149045
"213" "eggs" "temp.mean" 0.1648377802222 0.428910058172803 0.667988680190505 0 1 2 1 82 0.990242102149045
"214" "eggs" "email.LIWCcdi" -0.00237050917950833 -0.738737361314011 0.460066494253979 0 1 3 1 81 0.990242102149045
"215" "eggs" "email.LIWCnegemo" 0.0910361285895496 0.822740489151462 0.410655585089808 0 1 1 1 81 0.990242102149045
"216" "eggs" "email.LIWCposemo" -0.281044085831647 -2.91712571011342 0.0035327336004658 0 1 3 1 81 0.194771710630819
"217" "guacamole" "panas.positive" 0.278339580765202 3.02467972978642 0.00248896538400026 0 1 2 1 71 0.180019568601962
"218" "guacamole" "panas.negative" -0.0528038664674013 -0.532911288298917 0.594094990730576 0 1 2 1 71 0.990242102149045
"219" "guacamole" "panas.fatigue" -0.139198622826487 -1.25392782407614 0.209868240644187 0 1 2 1 71 0.97588731899547
"220" "guacamole" "afterscan.Anxietyduringscan" 0.0537898918286363 0.506104660623946 0.6127831789334 0 1 2 1 81 0.990242102149045
"221" "guacamole" "afterscan.diastolic" -0.10733481332853 -0.919872665648749 0.357639304569622 0 1 3 1 81 0.990242102149045
"222" "guacamole" "afterscan.pulse" 0.0103570663758062 0.563257492622323 0.573259558707752 0 1 2 1 69 0.990242102149045
"223" "guacamole" "afterscan.systolic" -0.196178613267512 -0.703893618272408 0.481499026024151 -0.0177974762465733 0.985800418105535 2 1 81 0.990242102149045
"224" "guacamole" "morning.Sleepquality" -0.0826877845499306 -0.707328126255174 0.479362590648247 0 1 2 1 82 0.990242102149045
"225" "guacamole" "morning.Soreness" 0.325530381871251 3.0148674494616 0.00257091584465809 0 1 3 1 82 0.180019568601962
"226" "guacamole" "prevevening.Alcohol" -0.00920316400658949 0.413251834794034 0.679422114482403 0 1 2 1 82 0.990242102149045
"227" "guacamole" "prevevening.Guthealth" -0.123874423305747 -0.985452436662233 0.324401883584482 0 1 3 1 82 0.990242102149045
"228" "guacamole" "prevevening.Psoriasisseverity" 0.0729712629886042 0.254342454856593 0.799231003678696 0 1 3 1 82 0.990242102149045
"229" "guacamole" "prevevening.Stress" 0.0655708692834171 0.516585057603553 0.605445848738114 0 1 3 1 82 0.990242102149045
"230" "guacamole" "prevevening.Timespentoutdoors" -0.174966285665461 -1.30307443804576 0.192549349531602 0 1 3 1 81 0.97588731899547
"231" "guacamole" "temp.mean" 0.0501856927610068 -0.712969323070118 0.475864740177017 0 1 2 1 82 0.990242102149045
"232" "guacamole" "email.LIWCcdi" 0.115807663497297 0.604155440274432 0.545740303127611 0 1 3 1 81 0.990242102149045
"233" "guacamole" "email.LIWCnegemo" 0.287572364162545 2.67005990224569 0.00758377160292508 0 1 2 1 81 0.264484034652012
"234" "guacamole" "email.LIWCposemo" -0.317774175422275 -3.94210843774299 8.07684425653181e-05 0 1 3 1 81 0.0450687909514475
"235" "kale" "panas.positive" 0.045306080458614 0.00397505997646664 0.996828369369057 0 1 2 1 71 0.99973530140683
"236" "kale" "panas.negative" 0.173801171920425 2.04354644965347 0.040998374140775 0 1 2 1 71 0.626635465097206
"237" "kale" "panas.fatigue" 0.0214246375547551 0.175361150451749 0.860795864972403 0 1 2 1 71 0.990242102149045
"238" "kale" "afterscan.Anxietyduringscan" -0.0890391985805198 -0.0598507498043245 0.952274505491248 -0.0429230608468728 0.96576286579132 2 1 81 0.993668176958551
"239" "kale" "afterscan.diastolic" 0.128413136655973 0.0308458721651822 0.975392457111005 0 1 2 1 81 0.994501808262593
"240" "kale" "afterscan.pulse" 0.259762837763227 2.55339889775015 0.0106677244151916 0 1 2 1 69 0.319895072131416
"241" "kale" "afterscan.systolic" -0.0572257182249609 -0.836246871274893 0.403016034965704 -0.0261351335773727 0.979149554083969 2 1 81 0.990242102149045
"242" "kale" "morning.Sleepquality" -0.224513184768926 -2.04811142536534 0.0405490826554345 0 1 2 1 82 0.626635465097206
"243" "kale" "morning.Soreness" 0.0463317905085607 0.146620734444846 0.883431386837568 0.0779145708785148 0.937896008761856 1 1 82 0.990242102149045
"244" "kale" "prevevening.Alcohol" 0.127152961663622 0.205269453205398 0.837361608688892 0.0154099917010234 0.987705092149123 2 1 82 0.990242102149045
"245" "kale" "prevevening.Guthealth" -0.171794737828011 -1.64722707220078 0.0995113812648669 0 1 3 1 82 0.804744213707185
"246" "kale" "prevevening.Psoriasisseverity" -0.0139219506056421 -0.354440011529154 0.723009153392248 0 1 2 1 82 0.990242102149045
"247" "kale" "prevevening.Stress" -0.114641084251416 -1.53827461150176 0.123981484661768 0 1 3 1 82 0.854094672114402
"248" "kale" "prevevening.Timespentoutdoors" 0.00277970974356628 -0.101673650825388 0.919015717333185 0 1 3 1 81 0.990242102149045
"249" "kale" "temp.mean" 0.0490191232921767 0.660389528960327 0.509003889990934 0 1 3 1 82 0.990242102149045
"250" "kale" "email.LIWCcdi" 0.180126880400668 1.37728645850374 0.168423700209721 0 1 3 1 81 0.969902712529414
"251" "kale" "email.LIWCnegemo" -0.0214312247521155 -0.192925088586761 0.847017636276763 0 1 1 1 81 0.990242102149045
"252" "kale" "email.LIWCposemo" -0.143661854526754 -3.15197655403129 0.00162169294310893 0 1 3 1 81 0.180019568601962
"253" "lamb" "panas.positive" 0.111797147509789 0.953326423426558 0.340424707549066 0 1 2 1 71 0.990242102149045
"254" "lamb" "panas.negative" -0.0148127242815106 0.488562044200831 0.625151790144161 0 1 2 1 71 0.990242102149045
"255" "lamb" "panas.fatigue" 0.182436314300267 1.56347257743861 0.117941480851656 0 1 1 1 71 0.846128837676642
"256" "lamb" "afterscan.Anxietyduringscan" 0.00371595751287652 -0.281909243297124 0.77801310175528 -0.0430870359230626 0.965632153537577 2 1 81 0.990242102149045
"257" "lamb" "afterscan.diastolic" 0.0389771952438114 0.147487408451818 0.882747317644708 -0.0453551701880482 0.963824213196402 2 1 81 0.990242102149045
"258" "lamb" "afterscan.pulse" -0.183789221955497 -1.18560646766201 0.235777746897461 0 1 2 1 69 0.990242102149045
"259" "lamb" "afterscan.systolic" 0.151352645053161 0.663053412117951 0.507296346605602 -0.0256833215158103 0.979509926971898 2 1 81 0.990242102149045
"260" "lamb" "morning.Sleepquality" -0.00192836148472396 -0.0253315704239333 0.979790492448928 0 1 3 1 82 0.994501808262593
"261" "lamb" "morning.Soreness" 0.144146157440986 0.539274268585875 0.589697620981718 0.0792186766929733 0.93685868942375 1 1 82 0.990242102149045
"262" "lamb" "prevevening.Alcohol" -0.107706407462862 -0.934379651971354 0.350108090141699 0 1 3 1 82 0.990242102149045
"263" "lamb" "prevevening.Guthealth" -0.277106084887021 -2.52876269434827 0.0114465391256034 0 1 3 1 82 0.319895072131416
"264" "lamb" "prevevening.Psoriasisseverity" 0.0758714376256203 0.911041224671719 0.362273652958569 0 1 3 1 82 0.990242102149045
"265" "lamb" "prevevening.Stress" 0.014875419399768 0.222358763465498 0.824034610245829 0 1 3 1 82 0.990242102149045
"266" "lamb" "prevevening.Timespentoutdoors" 0.0677954395923853 0.90107649079214 0.367547651584996 0 1 3 1 81 0.990242102149045
"267" "lamb" "temp.mean" 0.152118795756635 -0.931544261518189 0.351572100149231 0 1 3 1 82 0.990242102149045
"268" "lamb" "email.LIWCcdi" -0.0492259731290433 -0.0813429507703106 0.935169217364141 0 1 3 1 81 0.990242102149045
"269" "lamb" "email.LIWCnegemo" 0.0139945659272325 0.125963269188329 0.899760999872635 0 1 1 1 81 0.990242102149045
"270" "lamb" "email.LIWCposemo" 0.126600401189151 0.841891057840834 0.39984893611458 0 1 3 1 81 0.990242102149045
"271" "lettuce" "panas.positive" 0.0475280299829623 0.705236802657966 0.480662881877463 0 1 2 1 71 0.990242102149045
"272" "lettuce" "panas.negative" -0.0287194888664571 -0.362283582788092 0.717140125155737 0 1 2 1 71 0.990242102149045
"273" "lettuce" "panas.fatigue" 0.148571902094047 1.26593743709621 0.205535481846629 0 1 1 1 71 0.97588731899547
"274" "lettuce" "afterscan.Anxietyduringscan" -0.14425470990407 -0.214495957554175 0.830160319015735 -0.0414295274921819 0.966953473464295 2 1 81 0.990242102149045
"275" "lettuce" "afterscan.diastolic" -0.116081412805 -1.16682818880743 0.24327976077678 0 1 3 1 81 0.990242102149045
"276" "lettuce" "afterscan.pulse" 0.0200955759301487 -0.20537032963343 0.837282799720618 0 1 2 1 69 0.990242102149045
"277" "lettuce" "afterscan.systolic" 0.115512361825876 0.699933099273806 0.483969085454219 -0.0307259094725852 0.97548812814338 2 1 81 0.990242102149045
"278" "lettuce" "morning.Sleepquality" 0.0984678961052608 0.793683184150505 0.427379892171455 0 1 3 1 82 0.990242102149045
"279" "lettuce" "morning.Soreness" 0.117798931961192 -0.18231172544258 0.855338097317837 0.0949337035458891 0.92436748584504 2 1 82 0.990242102149045
"280" "lettuce" "prevevening.Alcohol" -0.194965489801134 -2.05759180764748 0.03962933373154 0 1 3 1 82 0.626635465097206
"281" "lettuce" "prevevening.Guthealth" -0.220155965590782 -1.85870526104837 0.0630689273423119 0 1 3 1 82 0.722404897112462
"282" "lettuce" "prevevening.Psoriasisseverity" -0.0527355345968064 -0.367776480894141 0.713039907332004 0 1 3 1 82 0.990242102149045
"283" "lettuce" "prevevening.Stress" -0.147372151755799 -1.39385208159067 0.163362276987639 0 1 3 1 82 0.959538426937922
"284" "lettuce" "prevevening.Timespentoutdoors" -0.222992952426306 -2.12880001027981 0.0332708100860662 0 1 3 1 81 0.598874581549192
"285" "lettuce" "temp.mean" -0.0548133797389689 -0.818059990072082 0.413322933348822 0 1 3 1 82 0.990242102149045
"286" "lettuce" "email.LIWCcdi" -0.0950819170802039 -1.27358152087499 0.202811764667774 0 1 3 1 81 0.97588731899547
"287" "lettuce" "email.LIWCnegemo" 0.160102047418724 1.45974663569378 0.144359719703924 0 1 1 1 81 0.895479265656853
"288" "lettuce" "email.LIWCposemo" -0.138401494000452 -1.74619922423995 0.0807763395867436 0 1 3 1 81 0.755436558581362
"289" "olives" "panas.positive" 0.0191248947959292 0.414639354277002 0.678405934266195 0 1 2 1 71 0.990242102149045
"290" "olives" "panas.negative" -0.0235874399976831 -0.735650358521895 0.461943507327173 0 1 2 1 71 0.990242102149045
"291" "olives" "panas.fatigue" 0.0801020268404735 0.65846337624101 0.510240423046195 0 1 2 1 71 0.990242102149045
"292" "olives" "afterscan.Anxietyduringscan" -0.172921834319191 -0.151187027183986 0.879828183471042 -0.042968436724668 0.965726694450459 2 1 81 0.990242102149045
"293" "olives" "afterscan.diastolic" -0.117998799391716 -1.50569141445162 0.132146408984146 0 1 3 1 81 0.857415072245971
"294" "olives" "afterscan.pulse" 0.0417899545675904 0.347436510559758 0.728263408191485 0 1 1 1 69 0.990242102149045
"295" "olives" "afterscan.systolic" -0.0969963863056005 -0.0217451182254679 0.982651273130572 -0.0254301326263521 0.979711876515155 2 1 81 0.994787845670334
"296" "olives" "morning.Sleepquality" -0.00293882584154662 -0.0426084713241584 0.966013642484471 0 1 2 1 82 0.993668176958551
"297" "olives" "morning.Soreness" 0.15923038973736 0.358079221237839 0.720284028515182 0.0785220958819154 0.937412754512923 1 1 82 0.990242102149045
"298" "olives" "prevevening.Alcohol" -0.0560333412652535 -0.455209823470152 0.648958293921569 0 1 3 1 82 0.990242102149045
"299" "olives" "prevevening.Guthealth" -0.058084721897477 -0.558166415320005 0.576730751982948 0 1 3 1 82 0.990242102149045
"300" "olives" "prevevening.Psoriasisseverity" 0.0278364152852957 -1.30729594363445 0.191112221330479 0 1 2 1 82 0.97588731899547
"301" "olives" "prevevening.Stress" -0.101260056198208 -1.35491624541308 0.175444243155613 0 1 2 1 82 0.972671642436877
"302" "olives" "prevevening.Timespentoutdoors" -0.0951656267456622 -0.815388336584418 0.414850058426111 0 1 3 1 81 0.990242102149045
"303" "olives" "temp.mean" -0.1648377802222 -0.563775570795616 0.572906879337879 0 1 3 1 82 0.990242102149045
"304" "olives" "email.LIWCcdi" -0.0742299544290139 -0.280338569753626 0.779217762229656 0 1 3 1 81 0.990242102149045
"305" "olives" "email.LIWCnegemo" 0.0930114548796534 0.840746634122658 0.400489889298017 0 1 1 1 81 0.990242102149045
"306" "olives" "email.LIWCposemo" -0.0826466823761486 -1.71519071387748 0.0863102668471551 0 1 3 1 81 0.755436558581362
"307" "onions" "panas.positive" -0.050702587784056 -0.770628050163647 0.440927430009445 0 1 2 1 71 0.990242102149045
"308" "onions" "panas.negative" 0.00307322956510959 1.03719109643804 0.29964680668932 0 1 2 1 71 0.990242102149045
"309" "onions" "panas.fatigue" -0.126592746898491 -1.05832344848353 0.289908006226146 0 1 2 1 71 0.990242102149045
"310" "onions" "afterscan.Anxietyduringscan" -0.0466231719941892 0.526667614914062 0.598424428724676 0 1 2 1 81 0.990242102149045
"311" "onions" "afterscan.diastolic" 0.00669208439215573 0.361170306305942 0.717972138220325 -0.0401393851688911 0.967982002265257 2 1 81 0.990242102149045
"312" "onions" "afterscan.pulse" 0.024582947599577 0.204262768267249 0.83814816317664 0 1 1 1 69 0.990242102149045
"313" "onions" "afterscan.systolic" -0.073280460879002 -0.313006032333444 0.754276079134696 -0.0304975334028978 0.975670260526972 2 1 81 0.990242102149045
"314" "onions" "morning.Sleepquality" -0.0872468696016366 -0.999913249993815 0.317352491607578 0 1 3 1 82 0.990242102149045
"315" "onions" "morning.Soreness" -0.0346694394081781 -0.459767365603123 0.645683209886748 0.0877838121911813 0.93004850409043 2 1 82 0.990242102149045
"316" "onions" "prevevening.Alcohol" -0.11035091857356 -0.89492893351503 0.370825078768077 0 1 3 1 82 0.990242102149045
"317" "onions" "prevevening.Guthealth" -0.102037857393145 -1.22442415252697 0.220792262670232 0 1 3 1 82 0.990242102149045
"318" "onions" "prevevening.Psoriasisseverity" 0.284487388914097 2.89104873832274 0.00383958569343909 0 1 2 1 82 0.194771710630819
"319" "onions" "prevevening.Stress" -0.0191023345433447 0.0761636355876127 0.939288913220617 0 1 3 1 82 0.990242102149045
"320" "onions" "prevevening.Timespentoutdoors" -0.0831350981692608 -0.578062315546161 0.563222048194568 0 1 2 1 81 0.990242102149045
"321" "onions" "temp.mean" 0.071417457311821 0.867238648193258 0.385811264394752 0 1 3 1 82 0.990242102149045
"322" "onions" "email.LIWCcdi" 0.0341347757744343 0.677962669326881 0.497795362889527 0 1 3 1 81 0.990242102149045
"323" "onions" "email.LIWCnegemo" -0.0193802799130202 -0.140822128063495 0.888010461596439 0 1 3 1 81 0.990242102149045
"324" "onions" "email.LIWCposemo" 0.0452762532915209 1.26520611737291 0.205797450130159 0 1 3 1 81 0.97588731899547
"325" "pork" "panas.positive" -0.186336964236335 -1.1743972601968 0.240235942175234 0 1 2 1 71 0.990242102149045
"326" "pork" "panas.negative" -0.077825293359533 -0.469143040749009 0.638967395900239 0 1 2 1 71 0.990242102149045
"327" "pork" "panas.fatigue" -0.0339202240935255 -0.270914155922386 0.786457057187752 0 1 2 1 71 0.990242102149045
"328" "pork" "afterscan.Anxietyduringscan" -0.151050982409872 -0.807444090614844 0.419410673515338 0 1 2 1 81 0.990242102149045
"329" "pork" "afterscan.diastolic" -0.195339196777606 -0.551389506110333 0.581366692798414 0 1 2 1 81 0.990242102149045
"330" "pork" "afterscan.pulse" -0.249145386360112 -1.85611625588695 0.0634369891729581 0 1 2 1 69 0.722404897112462
"331" "pork" "afterscan.systolic" -0.106758571976509 -0.329970031811045 0.741422606234782 -0.0227957791498964 0.981813174901641 2 1 81 0.990242102149045
"332" "pork" "morning.Sleepquality" 0.0692647059393494 0.565406729130336 0.571797148624026 0 1 2 1 82 0.990242102149045
"333" "pork" "morning.Soreness" 0.144587139345681 0.186204411097137 0.852284464900192 0.0755503036878165 0.939776875309682 1 1 82 0.990242102149045
"334" "pork" "prevevening.Alcohol" 0.0685768782006053 0.535402295686923 0.592371703020742 0.00997711916495569 0.992039542725053 2 1 82 0.990242102149045
"335" "pork" "prevevening.Guthealth" 0.162168308553165 1.05516133565203 0.291351543982819 0 1 3 1 82 0.990242102149045
"336" "pork" "prevevening.Psoriasisseverity" 0.0812113785329124 0.345346312093815 0.72983403377917 0 1 3 1 82 0.990242102149045
"337" "pork" "prevevening.Stress" 0.187520059239816 1.93113896551981 0.0534658694288587 0 1 3 1 82 0.693812910262864
"338" "pork" "prevevening.Timespentoutdoors" 0.0610791578474699 0.512191595229862 0.608516924749642 0 1 3 1 81 0.990242102149045
"339" "pork" "temp.mean" 0.0188142762231245 0.605064462615493 0.54513616570054 0 1 2 1 82 0.990242102149045
"340" "pork" "email.LIWCcdi" -0.040304143745041 -0.582167974373546 0.560453542775804 0 1 3 1 81 0.990242102149045
"341" "pork" "email.LIWCnegemo" 0.0139642745139861 0.0780352740937956 0.937799993863671 0 1 2 1 81 0.990242102149045
"342" "pork" "email.LIWCposemo" 0.234853904794298 1.87456190251895 0.0608530184776678 0 1 3 1 81 0.722404897112462
"343" "radishes" "panas.positive" 0.0249470189867052 -0.359389155067249 0.719303986562896 0 1 2 1 71 0.990242102149045
"344" "radishes" "panas.negative" -0.0665861632682146 -0.826088336470982 0.408753983479601 0 1 2 1 71 0.990242102149045
"345" "radishes" "panas.fatigue" -0.00983185422033284 -0.0828485775076492 0.933971942599562 0 1 1 1 71 0.990242102149045
"346" "radishes" "afterscan.Anxietyduringscan" -0.0337734891167489 -0.651472720921131 0.514741380831087 -0.0438572735313267 0.965018173289747 2 1 81 0.990242102149045
"347" "radishes" "afterscan.diastolic" 0.177839312274877 1.55622590812241 0.119654382686489 0 1 3 1 81 0.846128837676642
"348" "radishes" "afterscan.pulse" -0.0726608099002171 -0.284686924801056 0.775884008818358 0 1 2 1 69 0.990242102149045
"349" "radishes" "afterscan.systolic" 0.109485013679812 -0.293917539569243 0.768820915128095 -0.017275954214216 0.986216468498322 1 1 81 0.990242102149045
"350" "radishes" "morning.Sleepquality" -0.0939452333430257 -0.880856787299641 0.37839533892087 0 1 2 1 82 0.990242102149045
"351" "radishes" "morning.Soreness" -0.150178907165679 0.373024303366883 0.709130355855509 0.0785695119999311 0.93737503844762 1 1 82 0.990242102149045
"352" "radishes" "prevevening.Alcohol" 0.0978649199321139 1.19661965307054 0.231454836706495 0 1 3 1 82 0.990242102149045
"353" "radishes" "prevevening.Guthealth" 0.222888862440652 1.30592475049727 0.191578148785502 0 1 3 1 82 0.97588731899547
"354" "radishes" "prevevening.Psoriasisseverity" -0.0773441700313452 -0.655250907146757 0.512306223086904 0 1 2 1 82 0.990242102149045
"355" "radishes" "prevevening.Stress" 0.0867996780760722 0.729906962764157 0.465447055991818 0 1 3 1 82 0.990242102149045
"356" "radishes" "prevevening.Timespentoutdoors" 0.0806798343651616 0.459959586941815 0.645545228478743 0 1 3 1 81 0.990242102149045
"357" "radishes" "temp.mean" -0.169385155514816 0.609558202822321 0.542154506417173 0 1 3 1 82 0.990242102149045
"358" "radishes" "email.LIWCcdi" -0.0509474464023374 -0.36825350502937 0.712684217814238 0 1 3 1 81 0.990242102149045
"359" "radishes" "email.LIWCnegemo" -0.138763504080252 -1.26107010285605 0.207283591054215 0 1 1 1 81 0.97588731899547
"360" "radishes" "email.LIWCposemo" 0.0658250541274672 1.61656065387069 0.105973150849404 0 1 3 1 81 0.821348066777439
"361" "rasberries" "panas.positive" -0.261403117257917 -2.28196360588816 0.0224914890248351 0 1 1 1 71 0.448223245566357
"362" "rasberries" "panas.negative" 0.268861859655649 2.08891426973886 0.0367154410799772 0 1 2 1 71 0.626635465097206
"363" "rasberries" "panas.fatigue" 0.340466746180128 3.01368859494802 0.00258092571472347 0 1 2 1 71 0.180019568601962
"364" "rasberries" "afterscan.Anxietyduringscan" 0.103237023701419 0.0727911851028594 0.941972285618028 -0.0429373303536019 0.965751490859051 2 1 81 0.990242102149045
"365" "rasberries" "afterscan.diastolic" 0.125825894450313 1.31076862143649 0.189935946825577 0 1 3 1 81 0.97588731899547
"366" "rasberries" "afterscan.pulse" 0.173674183261746 0.979463400309359 0.32735106409226 0 1 2 1 69 0.990242102149045
"367" "rasberries" "afterscan.systolic" 0.127197409247592 -0.139293144616817 0.889218506875839 -0.0255719250900763 0.979598779277292 2 1 81 0.990242102149045
"368" "rasberries" "morning.Sleepquality" 0.054421314702011 0.509810985481003 0.610183888678832 0 1 2 1 82 0.990242102149045
"369" "rasberries" "morning.Soreness" 0.107475262165352 0.978898835001245 0.327629967882663 0 1 1 1 82 0.990242102149045
"370" "rasberries" "prevevening.Alcohol" 0.127983813376359 1.14951780482603 0.250342529291723 0 1 3 1 82 0.990242102149045
"371" "rasberries" "prevevening.Guthealth" -0.00321379078403605 -0.304729596627332 0.760572106184988 0 1 3 1 82 0.990242102149045
"372" "rasberries" "prevevening.Psoriasisseverity" -0.162803992475914 -1.06994509928467 0.284644021340594 0 1 2 1 82 0.990242102149045
"373" "rasberries" "prevevening.Stress" -0.091957750010985 -0.0708577017738917 0.943511007810548 0 1 2 1 82 0.990242102149045
"374" "rasberries" "prevevening.Timespentoutdoors" 0.0188034861397972 -0.0701322714524888 0.944088381026899 0 1 3 1 81 0.990242102149045
"375" "rasberries" "temp.mean" -0.195806192690051 -0.482345604642692 0.629560455632788 0 1 3 1 82 0.990242102149045
"376" "rasberries" "email.LIWCcdi" 0.0456342753658178 0.304276337239935 0.760917371162115 0 1 3 1 81 0.990242102149045
"377" "rasberries" "email.LIWCnegemo" 0.0655561969346036 0.579984625172142 0.561924986010544 0 1 3 1 81 0.990242102149045
"378" "rasberries" "email.LIWCposemo" 0.00752089124928324 0.523978080564247 0.600293785603084 0 1 3 1 81 0.990242102149045
"379" "red_peppers" "panas.positive" -0.131792513984555 -1.3134502813369 0.189031263917057 0 1 2 1 71 0.97588731899547
"380" "red_peppers" "panas.negative" -0.083434804883137 -0.687399141005921 0.49183123879116 0 1 2 1 71 0.990242102149045
"381" "red_peppers" "panas.fatigue" 0.289814072258995 2.71406901123059 0.00664623191716188 0 1 2 1 71 0.247239827318422
"382" "red_peppers" "afterscan.Anxietyduringscan" -0.0892061015063647 0.19556483287056 0.844950788019683 -0.0426767141918466 0.965959242037094 2 1 81 0.990242102149045
"383" "red_peppers" "afterscan.diastolic" -0.0513745915927397 -0.607268311069719 0.543672864756041 0 1 3 1 81 0.990242102149045
"384" "red_peppers" "afterscan.pulse" -0.0566290551454776 -0.471151726128862 0.63753238893426 0 1 1 1 69 0.990242102149045
"385" "red_peppers" "afterscan.systolic" 0.157763884536639 1.32190374020718 0.186200206808105 -0.0281873554051684 0.977512722143364 2 1 81 0.97588731899547
"386" "red_peppers" "morning.Sleepquality" -0.0324016576233897 -0.298330576503256 0.7654508695201 0 1 3 1 82 0.990242102149045
"387" "red_peppers" "morning.Soreness" -0.0343683954389864 0.252758564832447 0.800454788636769 0.0782450015311353 0.937633165674541 1 1 82 0.990242102149045
"388" "red_peppers" "prevevening.Alcohol" -0.315539427484949 -2.93656684748358 0.00331867285903331 0 1 3 1 82 0.194771710630819
"389" "red_peppers" "prevevening.Guthealth" -0.0490798435813466 -1.52778678983282 0.126565483183164 0 1 3 1 82 0.85443760828922
"390" "red_peppers" "prevevening.Psoriasisseverity" -0.0341757160160648 0.195471536890552 0.845023818141735 0 1 3 1 82 0.990242102149045
"391" "red_peppers" "prevevening.Stress" -0.14044643236099 -1.1965941160196 0.231464794992858 0 1 3 1 82 0.990242102149045
"392" "red_peppers" "prevevening.Timespentoutdoors" -0.0415855733773541 -0.0391918465336145 0.968737434167476 0 1 3 1 81 0.993668176958551
"393" "red_peppers" "temp.mean" -0.0126519393984477 -0.144284775676424 0.885275599761783 0 1 3 1 82 0.990242102149045
"394" "red_peppers" "email.LIWCcdi" -0.101852961577944 -0.608988172514555 0.542532278576645 0 1 3 1 81 0.990242102149045
"395" "red_peppers" "email.LIWCnegemo" -0.00864186782781703 -0.0777796163366869 0.938003361126997 0 1 1 1 81 0.990242102149045
"396" "red_peppers" "email.LIWCposemo" 0.122276258144265 1.86612812967073 0.0620234412573021 0 1 3 1 81 0.722404897112462
"397" "salad_dressing" "panas.positive" 0.235516608869139 1.71336694590691 0.0866450533139913 0 1 2 1 71 0.755436558581362
"398" "salad_dressing" "panas.negative" -0.10070698514653 -1.10661838880357 0.268458953438396 0 1 2 1 71 0.990242102149045
"399" "salad_dressing" "panas.fatigue" -0.202295372554354 -1.76089685443426 0.0782558624349349 0 1 2 1 71 0.755436558581362
"400" "salad_dressing" "afterscan.Anxietyduringscan" -0.023079014280578 0.798364499358799 0.424658998362994 -0.0348370570782997 0.972209671279398 2 1 81 0.990242102149045
"401" "salad_dressing" "afterscan.diastolic" -0.0431282834125338 -0.363307663417854 0.7163750693194 0 1 3 1 81 0.990242102149045
"402" "salad_dressing" "afterscan.pulse" 0.10760510348253 1.12654418015742 0.259935251150414 0 1 2 1 69 0.990242102149045
"403" "salad_dressing" "afterscan.systolic" 0.013831224481174 0.219159122622176 0.826526096827672 -0.0229469148423251 0.981692617601977 2 1 81 0.990242102149045
"404" "salad_dressing" "morning.Sleepquality" -0.00897343811588464 0.0444104582044856 0.964577225433262 0 1 3 1 82 0.993668176958551
"405" "salad_dressing" "morning.Soreness" 0.147809449830549 0.420929096171205 0.673806857902473 0.100318154698102 0.920091744832403 2 1 82 0.990242102149045
"406" "salad_dressing" "prevevening.Alcohol" -0.0438634779169879 -0.37394353685985 0.708446324566514 0 1 2 1 82 0.990242102149045
"407" "salad_dressing" "prevevening.Guthealth" -0.148840297482822 -1.36298665589198 0.172886716174904 0 1 1 1 82 0.972671642436877
"408" "salad_dressing" "prevevening.Psoriasisseverity" 0.0552110567434825 0.629865332515371 0.528782696319082 0 1 2 1 82 0.990242102149045
"409" "salad_dressing" "prevevening.Stress" 0.0534542127315556 0.464002124754283 0.642646223340565 0 1 3 1 82 0.990242102149045
"410" "salad_dressing" "prevevening.Timespentoutdoors" -0.230178419657376 -2.05557351985488 0.0398236423812351 0 1 2 1 81 0.626635465097206
"411" "salad_dressing" "temp.mean" 0.0859088383195767 -0.261650749174092 0.793590714383138 0 1 3 1 82 0.990242102149045
"412" "salad_dressing" "email.LIWCcdi" -0.0298175068842281 -0.307667643375348 0.75833524301678 0 1 3 1 81 0.990242102149045
"413" "salad_dressing" "email.LIWCnegemo" 0.0303812626342423 0.273557296208396 0.784424855165647 0 1 1 1 81 0.990242102149045
"414" "salad_dressing" "email.LIWCposemo" -0.077777023193649 -0.165733983695004 0.868366300763939 0 1 3 1 81 0.990242102149045
"415" "salmon" "panas.positive" -0.0760470846651304 -0.886892824118692 0.375136605430635 0 1 2 1 71 0.990242102149045
"416" "salmon" "panas.negative" -0.00507672093204273 -0.000789487115967369 0.999370080484654 0 1 2 1 71 0.99973530140683
"417" "salmon" "panas.fatigue" 0.0819676163964833 0.676254978802587 0.498878771605065 0 1 2 1 71 0.990242102149045
"418" "salmon" "afterscan.Anxietyduringscan" -0.0570919049640734 -0.170609885715912 0.864530524222836 -0.0449003049195523 0.964186773800597 2 1 81 0.990242102149045
"419" "salmon" "afterscan.diastolic" 0.229452163678003 2.03798835821125 0.0415510971480226 0 1 3 1 81 0.626635465097206
"420" "salmon" "afterscan.pulse" -0.0752653260757063 -0.626978355763664 0.530673423067292 0 1 1 1 69 0.990242102149045
"421" "salmon" "afterscan.systolic" 0.0861617523655934 -0.0249747973770693 0.98007506611657 -0.0256591433117138 0.979529212032062 2 1 81 0.994501808262593
"422" "salmon" "morning.Sleepquality" -0.260139022633501 -2.44603820315195 0.0144435695080833 0 1 3 1 82 0.35041355589176
"423" "salmon" "morning.Soreness" -0.186703986033413 -0.565197148349748 0.571939676094689 0.0703247670814013 0.943935170024817 1 1 82 0.990242102149045
"424" "salmon" "prevevening.Alcohol" 0.0505652192119679 0.791219639642498 0.428815832768759 0 1 3 1 82 0.990242102149045
"425" "salmon" "prevevening.Guthealth" 0.233344519483245 2.56735807499326 0.0102476729694687 0 1 3 1 82 0.319895072131416
"426" "salmon" "prevevening.Psoriasisseverity" -0.14479711259438 -1.03893854577648 0.298833318137653 0 1 3 1 82 0.990242102149045
"427" "salmon" "prevevening.Stress" 0.0937896514410678 0.707255711602353 0.47940758272418 0 1 3 1 82 0.990242102149045
"428" "salmon" "prevevening.Timespentoutdoors" -0.206298191217743 -1.89749833403807 0.0577621984533974 0 1 1 1 81 0.722404897112462
"429" "salmon" "temp.mean" -0.0288622367527088 0.213882175993619 0.83063894011242 0 1 3 1 82 0.990242102149045
"430" "salmon" "email.LIWCcdi" -0.263077447416717 -1.73920362487118 0.0819989520873755 0 1 3 1 81 0.755436558581362
"431" "salmon" "email.LIWCnegemo" 0.13334242337927 1.16845605041548 0.242622857253521 0 1 3 1 81 0.990242102149045
"432" "salmon" "email.LIWCposemo" -0.0897683487264443 0.082799198315443 0.934011206591929 0 1 3 1 81 0.990242102149045
"433" "salsa" "panas.positive" 0.230170115681178 2.36817164232599 0.0178762404584996 0 1 2 1 71 0.398260419696699
"434" "salsa" "panas.negative" -0.0221534944991393 -0.401260997612994 0.688227975687052 0 1 2 1 71 0.990242102149045
"435" "salsa" "panas.fatigue" -0.0956166843414236 -0.809387961502606 0.418292024584601 0 1 1 1 71 0.990242102149045
"436" "salsa" "afterscan.Anxietyduringscan" 0.167533510053351 0.430745553851028 0.666653392014271 0 1 2 1 81 0.990242102149045
"437" "salsa" "afterscan.diastolic" -0.0660395795743493 -0.354926657775069 0.722644536945774 0 1 2 1 81 0.990242102149045
"438" "salsa" "afterscan.pulse" -0.0627209144028256 -0.0868907770723076 0.930758330622965 0 1 2 1 69 0.990242102149045
"439" "salsa" "afterscan.systolic" -0.201943960594199 -0.602402862827441 0.54690600483525 -0.0189006230419087 0.984920382514869 2 1 81 0.990242102149045
"440" "salsa" "morning.Sleepquality" -0.0643383162779719 -0.581759692275134 0.560728557886536 0 1 2 1 82 0.990242102149045
"441" "salsa" "morning.Soreness" 0.230460370470208 0.857789492947655 0.391008712620099 0.0708704578844532 0.9435008554301 1 1 82 0.990242102149045
"442" "salsa" "prevevening.Alcohol" 0.0247507042167119 0.27961796394434 0.779770623428016 0 1 2 1 82 0.990242102149045
"443" "salsa" "prevevening.Guthealth" -0.0694155566230579 -0.382457380230719 0.702122136001379 0 1 3 1 82 0.990242102149045
"444" "salsa" "prevevening.Psoriasisseverity" -0.0312517640653769 -0.907916648235212 0.363922261036569 0 1 3 1 82 0.990242102149045
"445" "salsa" "prevevening.Stress" 0.0757695459982727 0.292519435060093 0.769889502357251 0 1 3 1 82 0.990242102149045
"446" "salsa" "prevevening.Timespentoutdoors" -0.185050787492152 -1.6896936494695 0.0910865788371965 0 1 3 1 81 0.770095621078116
"447" "salsa" "temp.mean" -0.0271340571877426 -1.26091604165281 0.207339097926102 0 1 2 1 82 0.97588731899547
"448" "salsa" "email.LIWCcdi" 0.0232255590328912 -0.189980767487764 0.849324201384214 0 1 3 1 81 0.990242102149045
"449" "salsa" "email.LIWCnegemo" 0.22069872501943 1.95987695852058 0.0500101733511522 0 1 3 1 81 0.674783758562905
"450" "salsa" "email.LIWCposemo" -0.263972394800588 -3.02715841610822 0.00246864546559639 0 1 3 1 81 0.180019568601962
"451" "sauerkraut" "panas.positive" 0.111797147509789 0.0273862307778547 0.978151680378374 0 1 2 1 71 0.994501808262593
"452" "sauerkraut" "panas.negative" -0.0492948037565024 -0.238740547378578 0.811306773448087 0 1 2 1 71 0.990242102149045
"453" "sauerkraut" "panas.fatigue" 0.0075778323696892 0.0628760879784525 0.949865176188452 0 1 2 1 71 0.993668176958551
"454" "sauerkraut" "afterscan.Anxietyduringscan" 0.0696534146579763 -0.232393560052873 0.816232350358915 -0.0430280059013588 0.96567920904101 2 1 81 0.990242102149045
"455" "sauerkraut" "afterscan.diastolic" -0.024247921632778 -0.199158271462971 0.842138940047882 0 1 2 1 81 0.990242102149045
"456" "sauerkraut" "afterscan.pulse" 0.117427353896535 0.982219202220947 0.32599186954254 0 1 1 1 69 0.990242102149045
"457" "sauerkraut" "afterscan.systolic" -0.016419640625498 0.169402711602982 0.865479890780629 -0.0255057823113832 0.979651536371445 2 1 81 0.990242102149045
"458" "sauerkraut" "morning.Sleepquality" -0.0191397540633963 -0.264185829286077 0.791636729878359 0 1 2 1 82 0.990242102149045
"459" "sauerkraut" "morning.Soreness" -0.100288249237343 -0.46310488092242 0.643289191594702 0.0788875568817612 0.937122060565426 1 1 82 0.990242102149045
"460" "sauerkraut" "prevevening.Alcohol" -0.0911131277171023 -0.481687348142685 0.630028065048078 0.0156620416326526 0.98750400966954 2 1 82 0.990242102149045
"461" "sauerkraut" "prevevening.Guthealth" -0.0336257434287553 -0.308858924940635 0.757428843279469 0 1 3 1 82 0.990242102149045
"462" "sauerkraut" "prevevening.Psoriasisseverity" 0.0330558757580055 -0.710510329647339 0.477387727608345 0 1 2 1 82 0.990242102149045
"463" "sauerkraut" "prevevening.Stress" 0.102804283013381 -0.0817233835952737 0.934866683133477 0 1 2 1 82 0.990242102149045
"464" "sauerkraut" "prevevening.Timespentoutdoors" 0.0722763437878879 0.284436896485587 0.776075586826288 0 1 3 1 81 0.990242102149045
"465" "sauerkraut" "temp.mean" 0.0932462221993911 -0.147008312331706 0.883125459316073 0 1 3 1 82 0.990242102149045
"466" "sauerkraut" "email.LIWCcdi" -0.0355138283396723 -0.544852551405246 0.585854932096365 0 1 3 1 81 0.990242102149045
"467" "sauerkraut" "email.LIWCnegemo" 0.0389879994268053 0.351158543124015 0.725469409851403 0 1 1 1 81 0.990242102149045
"468" "sauerkraut" "email.LIWCposemo" 0.138959354532487 -0.0777695595426787 0.938011361055711 0 1 3 1 81 0.990242102149045
"469" "sausage" "panas.positive" 0.203618235524805 1.33543035695586 0.181735534704836 0 1 2 1 71 0.97588731899547
"470" "sausage" "panas.negative" -0.210156039091183 -1.79180959629479 0.073163471108802 0 1 2 1 71 0.755436558581362
"471" "sausage" "panas.fatigue" -0.0877321853732757 -0.731770766502911 0.464308494886057 0 1 2 1 71 0.990242102149045
"472" "sausage" "afterscan.Anxietyduringscan" -0.23079014280578 -0.919883541280376 0.357633620625152 -0.0303418036969061 0.975794457378455 2 1 81 0.990242102149045
"473" "sausage" "afterscan.diastolic" -0.0689288074628679 -0.588443481250682 0.556234659653436 -0.0370674544096197 0.970431221804669 2 1 81 0.990242102149045
"474" "sausage" "afterscan.pulse" 0.025983212702422 0.60644496024125 0.544219320613552 0 1 2 1 69 0.990242102149045
"475" "sausage" "afterscan.systolic" -0.0168160783965641 -0.0854866723632823 0.931874490596989 -0.0241686667620419 0.980718071128009 2 1 81 0.990242102149045
"476" "sausage" "morning.Sleepquality" 0.20564129015569 1.82608136694367 0.0678380064568994 0 1 3 1 82 0.755436558581362
"477" "sausage" "morning.Soreness" -0.159814278243182 -0.481419918955154 0.630218082611292 0.0848104075906 0.93241211929335 1 1 82 0.990242102149045
"478" "sausage" "prevevening.Alcohol" -0.0232317081893033 -0.227135913089377 0.820318059136423 0.0191227125479561 0.984743212748566 2 1 82 0.990242102149045
"479" "sausage" "prevevening.Guthealth" -0.0347757704399118 0.137715123855102 0.890465566185328 0 1 3 1 82 0.990242102149045
"480" "sausage" "prevevening.Psoriasisseverity" -0.153283328590458 -2.33948836617429 0.0193101729761077 0 1 2 1 82 0.399076908172892
"481" "sausage" "prevevening.Stress" 0.0849883526163582 0.833848115699298 0.404366577662512 0 1 2 1 82 0.990242102149045
"482" "sausage" "prevevening.Timespentoutdoors" -0.000204048545869214 -0.199713722522365 0.84170448096058 0 1 3 1 81 0.990242102149045
"483" "sausage" "temp.mean" 0.0815442009328324 -0.0532762033105172 0.95751184027567 0 1 3 1 82 0.993668176958551
"484" "sausage" "email.LIWCcdi" 0.0492250463449786 0.155108763998019 0.876735573135516 0 1 3 1 81 0.990242102149045
"485" "sausage" "email.LIWCnegemo" -0.30081759663272 -2.81160301023551 0.00492953033602886 0 1 3 1 81 0.229223160625342
"486" "sausage" "email.LIWCposemo" 0.0162356665833624 -0.663342659065383 0.507111121172449 0 1 3 1 81 0.990242102149045
"487" "spinach" "panas.positive" 0.0144237889689434 -0.363313263882129 0.716370886184668 0 1 2 1 71 0.990242102149045
"488" "spinach" "panas.negative" -0.0331426480579109 -0.192560833169803 0.847302921377597 0 1 2 1 71 0.990242102149045
"489" "spinach" "panas.fatigue" 0.00563207475551997 0.0474574002888502 0.962148681700424 0 1 1 1 71 0.993668176958551
"490" "spinach" "afterscan.Anxietyduringscan" -0.0733145083849235 -0.346601128809062 0.728890997759071 -0.0431708635399689 0.965565330953762 2 1 81 0.990242102149045
"491" "spinach" "afterscan.diastolic" 0.0760911275722786 0.494191965240819 0.621170613629286 0 1 3 1 81 0.990242102149045
"492" "spinach" "afterscan.pulse" -0.0309264217177725 -0.22322056072966 0.823363850477971 0 1 2 1 69 0.990242102149045
"493" "spinach" "afterscan.systolic" 0.0053037636047353 -0.112839354784378 0.910157916972184 -0.0254656347721864 0.979683559071719 2 1 81 0.990242102149045
"494" "spinach" "morning.Sleepquality" 0.113229733439711 0.93016532697083 0.352285491198038 0 1 3 1 82 0.990242102149045
"495" "spinach" "morning.Soreness" -0.138101501343902 0.0905611256659648 0.927841322179527 0.0780049047157823 0.937824151484164 1 1 82 0.990242102149045
"496" "spinach" "prevevening.Alcohol" 0.101139174257842 0.829952458557173 0.406565663593568 0 1 3 1 82 0.990242102149045
"497" "spinach" "prevevening.Guthealth" 0.201800910807133 1.62149182310998 0.104912202223871 0 1 3 1 82 0.821348066777439
"498" "spinach" "prevevening.Psoriasisseverity" -0.0395211984228776 -0.519748343105956 0.603238987655931 0 1 3 1 82 0.990242102149045
"499" "spinach" "prevevening.Stress" -0.00139474083557081 -0.0728665185672194 0.941912337404828 0 1 2 1 82 0.990242102149045
"500" "spinach" "prevevening.Timespentoutdoors" 0.145291091693186 1.12097330515181 0.262299225538994 0 1 3 1 81 0.990242102149045
"501" "spinach" "temp.mean" 0.0675902132910123 0.613457591094169 0.539573815954927 0 1 1 1 82 0.990242102149045
"502" "spinach" "email.LIWCcdi" 0.058723269854096 0.813794348099034 0.415762773467809 0 1 3 1 81 0.990242102149045
"503" "spinach" "email.LIWCnegemo" -0.166887828069962 -1.52335218710058 0.127670617232341 0 1 1 1 81 0.85443760828922
"504" "spinach" "email.LIWCposemo" 0.0545014400172996 1.69060792412139 0.090911710227239 0 1 3 1 81 0.770095621078116
"505" "tomatoes" "panas.positive" 0.188076154352594 1.61355049425401 0.10662496233401 0 1 1 1 71 0.821348066777439
"506" "tomatoes" "panas.negative" -0.10978565822451 -0.98043746799644 0.326870222438263 0 1 2 1 71 0.990242102149045
"507" "tomatoes" "panas.fatigue" -0.121641422516192 -1.05342694861926 0.29214535857827 0 1 2 1 71 0.990242102149045
"508" "tomatoes" "afterscan.Anxietyduringscan" -0.0352423898991063 -0.129862936764901 0.896674868091727 -0.0429600838463931 0.965733352934696 2 1 81 0.990242102149045
"509" "tomatoes" "afterscan.diastolic" -0.0388519598532851 -0.0976471253405157 0.922212502673009 0 1 2 1 81 0.990242102149045
"510" "tomatoes" "afterscan.pulse" -0.1617958681266 -1.14520777455322 0.252123098573946 0 1 2 1 69 0.990242102149045
"511" "tomatoes" "afterscan.systolic" 0.0379649515646997 0.0865871754264855 0.930999660138762 -0.0254386121677187 0.979705113008051 2 1 81 0.990242102149045
"512" "tomatoes" "morning.Sleepquality" 0.158021905910965 1.43210919420625 0.152112573595495 0 1 3 1 82 0.922595826807459
"513" "tomatoes" "morning.Soreness" 0.105702287205856 -0.194382518222219 0.845876377292836 0.0781451232504572 0.937712613749607 1 1 82 0.990242102149045
"514" "tomatoes" "prevevening.Alcohol" 0.116027590385775 0.399278386497622 0.689688090859268 0.0156194815591033 0.987537963541749 2 1 82 0.990242102149045
"515" "tomatoes" "prevevening.Guthealth" -0.124113067169623 -0.36966944023834 0.711628804424393 0 1 3 1 82 0.990242102149045
"516" "tomatoes" "prevevening.Psoriasisseverity" 0.0627707685507801 0.74824554019247 0.454312066763599 0 1 2 1 82 0.990242102149045
"517" "tomatoes" "prevevening.Stress" 0.0545382547369922 0.531492142614538 0.59507778478703 0 1 3 1 82 0.990242102149045
"518" "tomatoes" "prevevening.Timespentoutdoors" -0.106796607776972 -1.33063347602626 0.183309641893883 0 1 3 1 81 0.97588731899547
"519" "tomatoes" "temp.mean" 0.0725368813952044 0.553044052493731 0.58023324542093 0 1 3 1 82 0.990242102149045
"520" "tomatoes" "email.LIWCcdi" -0.0118128965518432 -0.438537086272967 0.660996992202077 0 1 3 1 81 0.990242102149045
"521" "tomatoes" "email.LIWCnegemo" 0.0418126264396498 0.376642546818914 0.706439264542116 0 1 1 1 81 0.990242102149045
"522" "tomatoes" "email.LIWCposemo" -0.121045735585589 -0.696928407819669 0.485847598594603 0 1 3 1 81 0.990242102149045
"523" "tuna" "panas.positive" -0.092587338550715 -1.58700565028986 0.112511364923958 0 1 2 1 71 0.826070284573271
"524" "tuna" "panas.negative" 0.114906984196331 0.536567145710364 0.591566643334462 0 1 2 1 71 0.990242102149045
"525" "tuna" "panas.fatigue" 0.0231003355889535 0.194698603090336 0.845628905557209 0 1 1 1 71 0.990242102149045
"526" "tuna" "afterscan.Anxietyduringscan" 0.0867504982131847 -0.568184816222163 0.569909480445235 -0.0435953637189558 0.965226947402226 2 1 81 0.990242102149045
"527" "tuna" "afterscan.diastolic" 0.150259505749993 1.35299554517962 0.176057053559363 0 1 3 1 81 0.972671642436877
"528" "tuna" "afterscan.pulse" -0.0627931959823897 -0.193218618946651 0.846787757675654 0 1 2 1 69 0.990242102149045
"529" "tuna" "afterscan.systolic" -0.00683448139510201 -0.0199400425288588 0.984091202168502 -0.0254336980671907 0.979709032624796 2 1 81 0.994787845670334
"530" "tuna" "morning.Sleepquality" 0.0428414944914171 0.314228960152065 0.753347148807648 0 1 3 1 82 0.990242102149045
"531" "tuna" "morning.Soreness" -0.269893173332286 -0.100899395174966 0.919630323239411 0.0780127788541313 0.937817887917858 1 1 82 0.990242102149045
"532" "tuna" "prevevening.Alcohol" 0.083732062851377 1.19670148526701 0.231422927928169 0 1 3 1 82 0.990242102149045
"533" "tuna" "prevevening.Guthealth" 0.357968214783964 2.23426127083428 0.025465887039305 0 1 3 1 82 0.489998791997662
"534" "tuna" "prevevening.Psoriasisseverity" -0.133046737689153 -1.71394941264164 0.0865380169557843 0 1 2 1 82 0.755436558581362
"535" "tuna" "prevevening.Stress" 0.0249214541513408 -0.151331519212409 0.879714206855327 0 1 3 1 82 0.990242102149045
"536" "tuna" "prevevening.Timespentoutdoors" -0.00179694189397429 -0.307909322689314 0.758151331736584 0 1 3 1 81 0.990242102149045
"537" "tuna" "temp.mean" -0.0658130974202526 0.31539594469122 0.752461045503452 0 1 3 1 82 0.990242102149045
"538" "tuna" "email.LIWCcdi" -0.0769114217137498 -0.42708928561396 0.669314296603824 0 1 3 1 81 0.990242102149045
"539" "tuna" "email.LIWCnegemo" -0.0474184185574571 -0.38174822784814 0.702648123677237 0 1 3 1 81 0.990242102149045
"540" "tuna" "email.LIWCposemo" 0.0576087466942547 0.902051858257242 0.367029320630354 0 1 3 1 81 0.990242102149045
"541" "yogurt" "panas.positive" -0.0363851007810806 0.315626251346258 0.752286209795275 0 1 2 1 71 0.990242102149045
"542" "yogurt" "panas.negative" -0.0708294809387277 -0.406625047501467 0.684283397885767 0 1 2 1 71 0.990242102149045
"543" "yogurt" "panas.fatigue" 0.107099753897852 0.892011626865541 0.372386700441162 0 1 2 1 71 0.990242102149045
"544" "yogurt" "afterscan.Anxietyduringscan" 0.0478550439481744 0.0887593538336162 0.929273161084856 -0.0404540606675096 0.967731131312363 2 1 81 0.990242102149045
"545" "yogurt" "afterscan.diastolic" 0.384370298321344 1.23358898013114 0.217356101413152 -0.0156607135794538 0.987505069172739 2 1 81 0.990242102149045
"546" "yogurt" "afterscan.pulse" 0.0510994197349378 0.634201908887892 0.525949061968727 0 1 2 1 69 0.990242102149045
"547" "yogurt" "afterscan.systolic" 0.171236791425658 0.261960061791697 0.793352233278489 -0.0182876284310324 0.985409396899494 2 1 81 0.990242102149045
"548" "yogurt" "morning.Sleepquality" -0.294703678591835 -2.7196238497975 0.00653562150481454 0 1 3 1 82 0.247239827318422
"549" "yogurt" "morning.Soreness" 0.0351208559389464 0.653057181316125 0.513719415356923 0.0950574925088153 0.924269161194053 1 1 82 0.990242102149045
"550" "yogurt" "prevevening.Alcohol" 0.191098834419455 2.50216314510881 0.0123437028722917 0 1 3 1 82 0.320289114763956
"551" "yogurt" "prevevening.Guthealth" -0.00105020523672126 -0.45990334405274 0.645585599805023 0 1 3 1 82 0.990242102149045
"552" "yogurt" "prevevening.Psoriasisseverity" 0.0142601220692769 0.866709082615123 0.386101427677749 0 1 2 1 82 0.990242102149045
"553" "yogurt" "prevevening.Stress" 0.178267812934148 1.78110120014794 0.0748959197254458 0 1 3 1 82 0.755436558581362
"554" "yogurt" "prevevening.Timespentoutdoors" 0.0908535041512044 0.890397530886357 0.37325246771716 0 1 3 1 81 0.990242102149045
"555" "yogurt" "temp.mean" 0.0534068206481016 -1.59691418276566 0.110284837888624 0 1 3 1 82 0.821348066777439
"556" "yogurt" "email.LIWCcdi" 0.116905388522258 0.922568306494052 0.356232218461433 0 1 3 1 81 0.990242102149045
"557" "yogurt" "email.LIWCnegemo" -0.084402446615603 -0.762341342039757 0.445856305529002 0 1 1 1 81 0.990242102149045
"558" "yogurt" "email.LIWCposemo" 0.0763780766126046 0.177336677132844 0.859243943136736 0 1 3 1 81 0.990242102149045
