"xvar" "yvar" "cor.val" "t.arima" "arima.p" "t.drift" "drift.p" "AR" "MA" "nobs" "pval_bh"
"1" "almonds" "1:Default" -0.15879253211841 -1.28709719179761 0.198060414133623 0 1 2 1 73 0.998975101754086
"2" "almonds" "2:Visual_2" 0.119658492414088 0.0382113046226668 0.969519207693993 0.00456890583531808 0.996354553257298 1 1 73 0.998975101754086
"3" "almonds" "3:Fronto_Parietal" -0.0303222682887826 -0.280722295096126 0.778923407082243 0 1 2 1 73 0.998975101754086
"4" "almonds" "4.5:Visual_1" 0.154927221485024 1.31146140055605 0.189701926354843 0 1 2 1 73 0.998975101754086
"5" "almonds" "5:Dorsal_Attention" -0.00169950061051522 -0.0145205431750324 0.988414689907319 0 1 1 1 73 0.998975101754086
"6" "almonds" "7:Ventral_Attention" 0.0745467017449148 -0.210413933183043 0.83334461896036 -0.00814023836991939 0.993505101212566 1 1 73 0.998975101754086
"7" "almonds" "8:Salience" -0.0171278702168029 -0.163575739955245 0.870065144143069 0 1 2 1 73 0.998975101754086
"8" "almonds" "9:Cingulo_opercular" -0.0473083633844562 -0.516767269882654 0.605318630516373 0 1 2 1 73 0.998975101754086
"9" "almonds" "10:Somatomotor" 0.0269976050426494 -0.301043743748165 0.76338113810286 0.0263480951225199 0.978979693850216 1 1 73 0.998975101754086
"10" "almonds" "11.5:Fronto_Parietal_2" 0.0821096463770348 0.798038125561305 0.424848365815501 0 1 2 1 73 0.998975101754086
"11" "almonds" "15:Medial_Parietal" 0.0574095368060166 0.516316801461486 0.60563316344782 0 1 2 1 73 0.998975101754086
"12" "almonds" "16:Parieto_Occipital" -0.0256772733928646 -0.367842491681801 0.712990683154466 0 1 2 1 73 0.998975101754086
"13" "apples" "1:Default" 0.0258502340183286 0.21921370083057 0.826483583313959 0 1 2 1 73 0.998975101754086
"14" "apples" "2:Visual_2" -0.0333670111143839 -0.429165732598086 0.6678026187869 0 1 2 1 73 0.998975101754086
"15" "apples" "3:Fronto_Parietal" -0.0256245265296425 -0.217142810193611 0.828097052082086 0 1 2 1 73 0.998975101754086
"16" "apples" "4.5:Visual_1" 0.0558720613353077 0.478117325829516 0.632566701122041 0 1 1 1 73 0.998975101754086
"17" "apples" "5:Dorsal_Attention" 0.038028846162815 0.325153422938666 0.745064958023439 0 1 1 1 73 0.998975101754086
"18" "apples" "7:Ventral_Attention" 0.267372550888614 8.02679230217558e-06 0.999993595546349 0 1 1 1 8 0.999993595546349
"19" "apples" "8:Salience" 0.0450714904303033 0.372786929130585 0.709307031811551 0 1 2 1 73 0.998975101754086
"20" "apples" "9:Cingulo_opercular" -0.0374167663795116 -0.252054573532155 0.800998881582551 0 1 2 1 73 0.998975101754086
"21" "apples" "10:Somatomotor" 0.0486237467357409 0.414432193800151 0.678557615691507 0 1 2 1 73 0.998975101754086
"22" "apples" "11.5:Fronto_Parietal_2" -0.0473243940790122 -0.352987304217034 0.724097958454679 0 1 2 1 73 0.998975101754086
"23" "apples" "15:Medial_Parietal" 0.177025544249038 1.53934531435934 0.123720016833119 0 1 2 1 73 0.998975101754086
"24" "apples" "16:Parieto_Occipital" -0.00517981612881587 0.0150837675222922 0.987965351130924 0 1 2 1 73 0.998975101754086
"25" "avocado" "1:Default" -0.107548129180461 -1.0395612031761 0.298543809554425 0 1 2 1 73 0.998975101754086
"26" "avocado" "2:Visual_2" -0.0436343785916476 0.584234105691682 0.559062818415884 0.00460020413751398 0.996329581087634 1 1 73 0.998975101754086
"27" "avocado" "3:Fronto_Parietal" 0.0193641397227348 0.178155900000427 0.858600542298806 0 1 2 1 73 0.998975101754086
"28" "avocado" "4.5:Visual_1" -0.0600328808073528 -0.473617499137804 0.635772694474359 0 1 2 1 73 0.998975101754086
"29" "avocado" "5:Dorsal_Attention" 0.139082344077275 1.17883473588633 0.238463989693385 0 1 2 1 73 0.998975101754086
"30" "avocado" "7:Ventral_Attention" -0.190431269694384 0.100569076107605 0.919892545904052 -0.00811688384397073 0.993523734812641 1 1 73 0.998975101754086
"31" "avocado" "8:Salience" 0.230064033969979 2.18446691375718 0.0289279559485984 0 1 2 1 73 0.851488575776305
"32" "avocado" "9:Cingulo_opercular" -0.0112239106864402 0.0877673249182717 0.930061608451967 0 1 2 1 73 0.998975101754086
"33" "avocado" "10:Somatomotor" -0.0153514826992725 0.628292720697873 0.529812199347788 0.0270708729599401 0.978403206254198 1 1 73 0.998975101754086
"34" "avocado" "11.5:Fronto_Parietal_2" -0.128822111886764 -0.516040747994361 0.605825949868918 0 1 2 1 73 0.998975101754086
"35" "avocado" "15:Medial_Parietal" 0.333682414874577 3.08735858080791 0.00201943834073294 0 1 2 1 73 0.666776117771044
"36" "avocado" "16:Parieto_Occipital" -0.0228594505613858 -0.329729790304879 0.741604142030597 0 1 2 1 73 0.998975101754086
"37" "bacon" "1:Default" 0.214479903199705 1.83715980049967 0.0661863082026695 0 1 2 1 73 0.998975101754086
"38" "bacon" "2:Visual_2" -0.0939331312363869 -0.827518580017235 0.407943195440965 0 1 2 1 73 0.998975101754086
"39" "bacon" "3:Fronto_Parietal" -0.0697510244367918 -0.583933507737771 0.559265048356291 0 1 2 1 73 0.998975101754086
"40" "bacon" "4.5:Visual_1" -0.0269991790386716 -0.230764912412302 0.817497441380644 0 1 1 1 73 0.998975101754086
"41" "bacon" "5:Dorsal_Attention" 0.0138382205393024 0.23020950510091 0.817928976198463 0 1 2 1 73 0.998975101754086
"42" "bacon" "7:Ventral_Attention" 0.074455741422705 0.568811998491113 0.569483731170881 0 1 2 1 73 0.998975101754086
"43" "bacon" "8:Salience" 0.138511394452214 1.25014827041935 0.211245389439853 0 1 2 1 73 0.998975101754086
"44" "bacon" "9:Cingulo_opercular" 0.060588229169373 0.941056222452616 0.346676048163303 0 1 2 1 73 0.998975101754086
"45" "bacon" "10:Somatomotor" 0.0601261507855256 0.540794682895645 0.588649108126813 0 1 2 1 73 0.998975101754086
"46" "bacon" "11.5:Fronto_Parietal_2" 0.0510172304059638 0.247930463229088 0.804188209357588 0 1 2 1 73 0.998975101754086
"47" "bacon" "15:Medial_Parietal" -0.0376142128733749 -0.291254252860065 0.7708568723524 0 1 2 1 73 0.998975101754086
"48" "bacon" "16:Parieto_Occipital" -0.0111594557171839 -0.00567351337561365 0.995473215557361 0 1 2 1 73 0.998975101754086
"49" "beef" "1:Default" 0.108143917984235 0.823696939951848 0.410111778603701 0 1 2 1 73 0.998975101754086
"50" "beef" "2:Visual_2" -0.0617876060237827 -0.137104943950772 0.890947844668075 0.00457054785260926 0.996353243130732 1 1 73 0.998975101754086
"51" "beef" "3:Fronto_Parietal" -0.171573356782149 -1.47336878832874 0.140651621538297 0 1 2 1 73 0.998975101754086
"52" "beef" "4.5:Visual_1" -0.122441043140397 -1.00369190842763 0.315527138447671 0 1 2 1 73 0.998975101754086
"53" "beef" "5:Dorsal_Attention" 0.0764725675229466 0.739191625976053 0.459790645046624 0 1 2 1 73 0.998975101754086
"54" "beef" "7:Ventral_Attention" 0.152772432773354 0.0931764465889797 0.925763385871228 -0.00811589188996648 0.993524526251357 1 1 73 0.998975101754086
"55" "beef" "8:Salience" -0.103348905509329 -0.846729041185007 0.397146167644604 0 1 2 1 73 0.998975101754086
"56" "beef" "9:Cingulo_opercular" -0.0933859354291869 -0.270840528206016 0.786513687416298 0 1 2 1 73 0.998975101754086
"57" "beef" "10:Somatomotor" -0.157233110949214 -0.785696323225495 0.432045417788964 0.0275461814295134 0.97802410635258 1 1 73 0.998975101754086
"58" "beef" "11.5:Fronto_Parietal_2" 0.124299323349322 1.4274223083353 0.153458204423074 0 1 2 1 73 0.998975101754086
"59" "beef" "15:Medial_Parietal" -0.209445594359895 -1.81786384898174 0.0690849448907945 0 1 2 1 73 0.998975101754086
"60" "beef" "16:Parieto_Occipital" 0.102805182269063 0.886047902012874 0.375591715012552 0 1 2 1 73 0.998975101754086
"61" "beets" "1:Default" -0.0507791173252387 -0.383968362577211 0.701001896487987 0 1 2 1 73 0.998975101754086
"62" "beets" "2:Visual_2" 0.0883142048922929 0.386162699181455 0.699376176941893 0.00457476487766265 0.996349878466726 1 1 73 0.998975101754086
"63" "beets" "3:Fronto_Parietal" 0.110249429280422 1.02614393589803 0.30482374319305 0 1 2 1 73 0.998975101754086
"64" "beets" "4.5:Visual_1" -0.109685557254254 -1.0551840144205 0.291341173712005 0 1 2 1 73 0.998975101754086
"65" "beets" "5:Dorsal_Attention" -0.124970296576821 -1.07618215326471 0.281845799741653 0 1 1 1 73 0.998975101754086
"66" "beets" "7:Ventral_Attention" -0.0532962698593767 0.15503950500494 0.876790173341435 -0.00812630015907081 0.993516221927983 1 1 73 0.998975101754086
"67" "beets" "8:Salience" 0.0545794856031019 0.457126508734876 0.647580117629516 0 1 2 1 73 0.998975101754086
"68" "beets" "9:Cingulo_opercular" -0.0973243957716144 -1.15847131504792 0.246671751059058 0 1 2 1 73 0.998975101754086
"69" "beets" "10:Somatomotor" 0.0679900985497396 0.496234581115925 0.619728915462432 0.0267608332651943 0.978650492547753 1 1 73 0.998975101754086
"70" "beets" "11.5:Fronto_Parietal_2" 0.00808345326802926 0.0763658053635538 0.939128073505433 0 1 2 1 73 0.998975101754086
"71" "beets" "15:Medial_Parietal" -0.0727378563662415 -0.718228724637986 0.47261626940655 0 1 2 1 73 0.998975101754086
"72" "beets" "16:Parieto_Occipital" -0.0710606969669896 -0.653726895979293 0.513287771948304 0 1 2 1 73 0.998975101754086
"73" "blackberries" "1:Default" -0.113591383683493 -1.04571981203719 0.295690412912721 0 1 2 1 73 0.998975101754086
"74" "blackberries" "2:Visual_2" 0.142935541261201 0.550019905949665 0.582305720405201 0.00467712793952531 0.996268205433986 1 1 73 0.998975101754086
"75" "blackberries" "3:Fronto_Parietal" 0.199951300435053 1.74055778409919 0.0817611229717719 0 1 2 1 73 0.998975101754086
"76" "blackberries" "4.5:Visual_1" -0.107544693914203 -0.897342539837716 0.369536163485092 0 1 2 1 73 0.998975101754086
"77" "blackberries" "5:Dorsal_Attention" -0.000294321317733649 0.0381649978009775 0.969556128260982 0 1 2 1 73 0.998975101754086
"78" "blackberries" "7:Ventral_Attention" 0.132726099014429 0.342747056053933 0.731788758946795 -0.00818900164096196 0.993466195048254 1 1 73 0.998975101754086
"79" "blackberries" "8:Salience" 0.0262447868548463 0.220335655622465 0.82560975323797 0 1 2 1 73 0.998975101754086
"80" "blackberries" "9:Cingulo_opercular" -0.0194236086236089 0.374279050904737 0.708196716280952 0 1 2 1 73 0.998975101754086
"81" "blackberries" "10:Somatomotor" 0.133044478660016 0.316897605254591 0.751321299185921 0.0264368855678873 0.978908873994294 1 1 73 0.998975101754086
"82" "blackberries" "11.5:Fronto_Parietal_2" -0.15324860376952 -0.784208144612145 0.432917986891199 0 1 2 1 73 0.998975101754086
"83" "blackberries" "15:Medial_Parietal" 0.13251902810335 1.13366843077529 0.256933656652429 0 1 2 1 73 0.998975101754086
"84" "blackberries" "16:Parieto_Occipital" -0.0606530329060684 -0.615590262920772 0.538164979332539 0 1 2 1 73 0.998975101754086
"85" "blueberries" "1:Default" 0.290461233506697 2.53603666391987 0.0112114995384623 0 1 2 1 73 0.666776117771044
"86" "blueberries" "2:Visual_2" -0.0890983798131386 -0.509856309225177 0.61015213290625 0 1 2 1 73 0.998975101754086
"87" "blueberries" "3:Fronto_Parietal" 0.0302048759997356 0.273053628391595 0.78481199178675 0 1 2 1 73 0.998975101754086
"88" "blueberries" "4.5:Visual_1" -0.306725202507008 -2.75337564250388 0.00589841743120555 0 1 1 1 73 0.666776117771044
"89" "blueberries" "5:Dorsal_Attention" 0.0751696947081475 0.644071639387409 0.519528979992 0 1 1 1 73 0.998975101754086
"90" "blueberries" "7:Ventral_Attention" -0.0316027223632983 NA NA 0 1 1 1 8 NA
"91" "blueberries" "8:Salience" 0.00128979911862596 0.0243069830771549 0.980607743087847 0 1 2 1 73 0.998975101754086
"92" "blueberries" "9:Cingulo_opercular" 0.085258738639675 1.16600986552942 0.24361045675148 0 1 2 1 73 0.998975101754086
"93" "blueberries" "10:Somatomotor" -0.276216263386502 -2.44061375326518 0.0146623273979415 0 1 2 1 73 0.666776117771044
"94" "blueberries" "11.5:Fronto_Parietal_2" 0.186667493590449 1.70706568106195 0.0878098450395153 0 1 2 1 73 0.998975101754086
"95" "blueberries" "15:Medial_Parietal" -0.105896537921707 -0.907269484753787 0.36426430695613 0 1 2 1 73 0.998975101754086
"96" "blueberries" "16:Parieto_Occipital" 0.0137191557713911 0.252095670014741 0.800967116735179 0 1 2 1 73 0.998975101754086
"97" "brussels_sprouts" "1:Default" 0.16875168677356 1.39150705017961 0.164071723248681 0 1 2 1 73 0.998975101754086
"98" "brussels_sprouts" "2:Visual_2" 0.0642684158927758 0.279178018097989 0.780108212254104 0.0045927533057857 0.996335525928434 1 1 73 0.998975101754086
"99" "brussels_sprouts" "3:Fronto_Parietal" 0.00375948830681158 0.0413807360123567 0.966992370076565 0 1 2 1 73 0.998975101754086
"100" "brussels_sprouts" "4.5:Visual_1" 0.0227414826191393 0.194353318138251 0.845899239627647 0 1 1 1 73 0.998975101754086
"101" "brussels_sprouts" "5:Dorsal_Attention" -0.262434835890431 -2.32368735431407 0.0201422567128376 0 1 1 1 73 0.795619140157085
"102" "brussels_sprouts" "7:Ventral_Attention" 0.260916430439297 0.869918031176921 0.384345200853435 -0.00861489681816482 0.993126391858444 1 1 73 0.998975101754086
"103" "brussels_sprouts" "8:Salience" 0.0147180884072454 0.0842194138811102 0.932881982978643 0 1 2 1 73 0.998975101754086
"104" "brussels_sprouts" "9:Cingulo_opercular" -0.121768097160031 -1.26041131779008 0.207521020953307 0 1 2 1 73 0.998975101754086
"105" "brussels_sprouts" "10:Somatomotor" 0.152732001217025 0.667200526154171 0.504644055102207 0.0271705530206322 0.97832370231705 1 1 73 0.998975101754086
"106" "brussels_sprouts" "11.5:Fronto_Parietal_2" 0.182533052286083 1.44556203455771 0.148300081695115 0 1 2 1 73 0.998975101754086
"107" "brussels_sprouts" "15:Medial_Parietal" -0.154848778410479 -1.43346753341502 0.151724270758449 0 1 2 1 73 0.998975101754086
"108" "brussels_sprouts" "16:Parieto_Occipital" -0.112130342896948 -0.99003794295507 0.322155573585777 0 1 2 1 73 0.998975101754086
"109" "carrots" "1:Default" 0.140106351455516 1.54613874084718 0.122071064278562 0 1 2 1 73 0.998975101754086
"110" "carrots" "2:Visual_2" -0.0557258759113466 -0.140310029013362 0.88841504070518 0.00652114929381856 0.994796912537017 1 1 73 0.998975101754086
"111" "carrots" "3:Fronto_Parietal" -0.0140539524431386 -0.0605744933335257 0.95169808758235 0 1 2 1 73 0.998975101754086
"112" "carrots" "4.5:Visual_1" -0.194154387911524 -1.68472130418494 0.0920423542014806 0 1 2 1 73 0.998975101754086
"113" "carrots" "5:Dorsal_Attention" 0.0106982085256045 0.0914106561806295 0.927166294793081 0 1 1 1 73 0.998975101754086
"114" "carrots" "7:Ventral_Attention" -0.192556550583344 -0.0314870876535108 0.974881089600077 -0.00767260115347075 0.993878210062253 1 1 73 0.998975101754086
"115" "carrots" "8:Salience" -0.0563302746425518 -0.506225384536061 0.612698436763425 0 1 2 1 73 0.998975101754086
"116" "carrots" "9:Cingulo_opercular" -0.0765710975645349 -1.03709022734955 0.29969380923641 0 1 2 1 73 0.998975101754086
"117" "carrots" "10:Somatomotor" -0.0385217867879502 0.131251277409888 0.895576533260866 0.0244395331853239 0.980502014811991 1 1 73 0.998975101754086
"118" "carrots" "11.5:Fronto_Parietal_2" -0.111845298050085 -0.9666544748922 0.333716792481225 0 1 2 1 73 0.998975101754086
"119" "carrots" "15:Medial_Parietal" -0.143295082317438 -1.32047390571288 0.186676842636213 0 1 2 1 73 0.998975101754086
"120" "carrots" "16:Parieto_Occipital" -0.0947050303607812 -0.849625634067063 0.395533255502122 0 1 2 1 73 0.998975101754086
"121" "cashews" "1:Default" 0.0532888096784945 0.44191190635681 0.658552954480381 0 1 2 1 73 0.998975101754086
"122" "cashews" "2:Visual_2" 0.0582095587506394 -0.172099493741631 0.863359310761097 0.00115713667398258 0.999076738719126 1 1 73 0.998975101754086
"123" "cashews" "3:Fronto_Parietal" 0.152254338245922 1.37451556744338 0.169281680703075 0 1 2 1 73 0.998975101754086
"124" "cashews" "4.5:Visual_1" -0.120897451024897 -1.16284534242937 0.24489225674926 0 1 2 1 73 0.998975101754086
"125" "cashews" "5:Dorsal_Attention" 0.185107098346151 1.56354220380367 0.117925117007582 0 1 2 1 73 0.998975101754086
"126" "cashews" "7:Ventral_Attention" -0.132752895193145 -0.584337995303793 0.558992934014647 -0.0199331780032783 0.984096678179101 1 1 73 0.998975101754086
"127" "cashews" "8:Salience" -0.00832709159317961 -0.067657187936294 0.946058530256197 0 1 2 1 73 0.998975101754086
"128" "cashews" "9:Cingulo_opercular" 0.0156384636354239 0.112742277791501 0.910234882079507 0 1 2 1 73 0.998975101754086
"129" "cashews" "10:Somatomotor" -0.241803581897916 -0.838487561429371 0.401756930684256 0.0112263980572851 0.991042818465664 1 1 73 0.998975101754086
"130" "cashews" "11.5:Fronto_Parietal_2" 0.0728158411499 0.305673236054202 0.759853453066356 0 1 2 1 73 0.998975101754086
"131" "cashews" "15:Medial_Parietal" -0.0727336478658822 -0.602522809485117 0.546826184760422 0 1 2 1 73 0.998975101754086
"132" "cashews" "16:Parieto_Occipital" 0.132153711768018 1.13218018654424 0.257558688287545 0 1 2 1 73 0.998975101754086
"133" "cheese" "1:Default" 0.00436076409558657 0.0740917162802035 0.940937406596066 0 1 2 1 73 0.998975101754086
"134" "cheese" "2:Visual_2" 0.0535917117149578 0.37433147272315 0.708157719491564 0.00461663374936236 0.9963164722932 1 1 73 0.998975101754086
"135" "cheese" "3:Fronto_Parietal" -0.0116072286532606 -0.118020690101755 0.906051264122303 0 1 2 1 73 0.998975101754086
"136" "cheese" "4.5:Visual_1" 0.0735123777859774 0.555870569482193 0.578299338690741 0 1 2 1 73 0.998975101754086
"137" "cheese" "5:Dorsal_Attention" 0.0121372229986071 0.103708003683762 0.917401074887442 0 1 1 1 73 0.998975101754086
"138" "cheese" "7:Ventral_Attention" -0.000896150487652848 0.0576011253699478 0.954066353247638 -0.00811195511912235 0.993527667236637 1 1 73 0.998975101754086
"139" "cheese" "8:Salience" -0.0317762154795905 -0.283153605617765 0.777059090880512 0 1 2 1 73 0.998975101754086
"140" "cheese" "9:Cingulo_opercular" 0.119510496984453 0.819710228280518 0.41238131774804 0 1 2 1 73 0.998975101754086
"141" "cheese" "10:Somatomotor" -0.0056272315250768 0.208864800064386 0.83455378357002 0.0263230409885851 0.978999677225808 1 1 73 0.998975101754086
"142" "cheese" "11.5:Fronto_Parietal_2" 0.0878389664900288 0.609822331188865 0.541979506980209 0 1 2 1 73 0.998975101754086
"143" "cheese" "15:Medial_Parietal" 0.0213392068131655 0.191671661582847 0.847999405166221 0 1 2 1 73 0.998975101754086
"144" "cheese" "16:Parieto_Occipital" 0.0663843976590793 0.507959638527031 0.61148164889581 0 1 2 1 73 0.998975101754086
"145" "chocolate" "1:Default" 0.119079236080966 0.996773024902357 0.31887469459357 0 1 2 1 73 0.998975101754086
"146" "chocolate" "2:Visual_2" -0.0120859311237069 0.643769001585058 0.519725237708229 0.0149989045881345 0.988033054296777 1 1 73 0.998975101754086
"147" "chocolate" "3:Fronto_Parietal" 0.0775307595291077 0.654634431330909 0.512703150244611 0 1 2 1 73 0.998975101754086
"148" "chocolate" "4.5:Visual_1" -0.0532352512453621 -0.45937746838646 0.645963125561581 0 1 2 1 73 0.998975101754086
"149" "chocolate" "5:Dorsal_Attention" -0.0923477114450498 -0.792404361584941 0.428124937061865 0 1 1 1 73 0.998975101754086
"150" "chocolate" "7:Ventral_Attention" -0.199228959684886 -0.330644554040259 0.740912988039692 -0.013462742025129 0.989258610464339 1 1 73 0.998975101754086
"151" "chocolate" "8:Salience" 0.0652384576655006 0.566522014402831 0.571038972071049 0 1 2 1 73 0.998975101754086
"152" "chocolate" "9:Cingulo_opercular" -0.0638528788822256 0.0389895336680934 0.968898733192888 0 1 2 1 73 0.998975101754086
"153" "chocolate" "10:Somatomotor" 0.0452341867380723 0.242792267258518 0.808166326203902 0.0302315256577543 0.975882406177066 1 1 73 0.998975101754086
"154" "chocolate" "11.5:Fronto_Parietal_2" -0.175883415337973 -1.34560931716949 0.178428545277088 0 1 2 1 73 0.998975101754086
"155" "chocolate" "15:Medial_Parietal" 0.0951721787824612 0.822846363738511 0.410595367205573 0 1 2 1 73 0.998975101754086
"156" "chocolate" "16:Parieto_Occipital" 0.149952065928477 1.37441533482102 0.169312778118724 0 1 2 1 73 0.998975101754086
"157" "eggs" "1:Default" 0.243662363473967 2.09732177548654 0.0359651005041304 0 1 2 1 73 0.887888418695719
"158" "eggs" "2:Visual_2" -0.0018146212623561 -0.0764627621300149 0.939050938727992 0.00313638106838951 0.997497534071484 1 1 73 0.998975101754086
"159" "eggs" "3:Fronto_Parietal" -0.194752146926588 -1.68206922719041 0.0925554167465861 0 1 2 1 73 0.998975101754086
"160" "eggs" "4.5:Visual_1" -0.0240331747311387 -0.237986764825655 0.811891359471134 0 1 2 1 73 0.998975101754086
"161" "eggs" "5:Dorsal_Attention" -0.0153643265843603 -0.131288211793652 0.895547316700017 0 1 1 1 73 0.998975101754086
"162" "eggs" "7:Ventral_Attention" -0.0390566399011425 -0.568121217664448 0.569952661442251 -0.0189349280789784 0.984893015952876 1 1 73 0.998975101754086
"163" "eggs" "8:Salience" 0.164457606034808 1.42871954120377 0.153084858966046 0 1 2 1 73 0.998975101754086
"164" "eggs" "9:Cingulo_opercular" -0.0183505908224543 -0.23691102345571 0.81272581793027 0 1 2 1 73 0.998975101754086
"165" "eggs" "10:Somatomotor" 0.0865456958750076 0.350439838345515 0.726008632878989 0.0330373587306541 0.97364479593253 1 1 73 0.998975101754086
"166" "eggs" "11.5:Fronto_Parietal_2" 0.029762646320982 0.0518014044463292 0.958686936469405 0 1 2 1 73 0.998975101754086
"167" "eggs" "15:Medial_Parietal" -0.0163575207377843 -0.131965467875518 0.89501160546393 0 1 2 1 73 0.998975101754086
"168" "eggs" "16:Parieto_Occipital" 0.0249622141252316 0.246232318605748 0.805502398934978 0 1 2 1 73 0.998975101754086
"169" "guacamole" "1:Default" 0.137067574671829 -0.070900574889985 0.943476885832775 -0.0275779267434642 0.977998786875712 1 1 73 0.998975101754086
"170" "guacamole" "2:Visual_2" 0.0472535863975489 -0.153434971193376 0.878055268361624 0.006639254700499 0.994702680096644 1 1 73 0.998975101754086
"171" "guacamole" "3:Fronto_Parietal" 0.0145824471864114 0.132348249785301 0.894708845187785 0 1 2 1 73 0.998975101754086
"172" "guacamole" "4.5:Visual_1" -0.0672635944322865 -0.576004157611006 0.564612371380651 0 1 1 1 73 0.998975101754086
"173" "guacamole" "5:Dorsal_Attention" -0.0291573008229042 -0.295817768176131 0.767369252932487 0 1 2 1 73 0.998975101754086
"174" "guacamole" "7:Ventral_Attention" 0.0440736530578308 -0.20329492548234 0.838904521595258 -0.00528397838814444 0.995784014843177 1 1 73 0.998975101754086
"175" "guacamole" "8:Salience" -0.123215807599649 -1.16502217089256 0.244010018551054 0 1 2 1 73 0.998975101754086
"176" "guacamole" "9:Cingulo_opercular" -0.00334710389187301 0.104184322176727 0.917023075351119 0 1 2 1 73 0.998975101754086
"177" "guacamole" "10:Somatomotor" 0.0429092589295249 -0.156625500715123 0.875540003920315 0.0284784225259956 0.977280577378426 1 1 73 0.998975101754086
"178" "guacamole" "11.5:Fronto_Parietal_2" 0.0810505891528708 0.185128341641168 0.853128372397219 0 1 2 1 73 0.998975101754086
"179" "guacamole" "15:Medial_Parietal" -0.034735961452223 -0.335098532607237 0.737550759745622 0 1 2 1 73 0.998975101754086
"180" "guacamole" "16:Parieto_Occipital" -0.0216933590242043 -0.23337253767083 0.815472136237362 0 1 2 1 73 0.998975101754086
"181" "kale" "1:Default" -0.167902235290706 -1.37120003851638 0.170312606206246 0 1 2 1 73 0.998975101754086
"182" "kale" "2:Visual_2" -0.0937279332494441 -0.257996444595515 0.796409651167609 0.00458836339552869 0.996339028533146 1 1 73 0.998975101754086
"183" "kale" "3:Fronto_Parietal" 0.124653292911237 1.17495600361388 0.240012318096558 0 1 2 1 73 0.998975101754086
"184" "kale" "4.5:Visual_1" -0.168677103356584 -1.42971622740377 0.15279848091742 0 1 2 1 73 0.998975101754086
"185" "kale" "5:Dorsal_Attention" 0.153795523942879 1.32984960052116 0.183567829791508 0 1 1 1 73 0.998975101754086
"186" "kale" "7:Ventral_Attention" -0.167908626943338 -0.883875442090907 0.376763455400132 -0.00862237119163018 0.993120428392744 1 1 73 0.998975101754086
"187" "kale" "8:Salience" 0.00857645571978433 0.0988145652628552 0.921285503687237 0 1 2 1 73 0.998975101754086
"188" "kale" "9:Cingulo_opercular" 0.150985935060683 0.99771568819014 0.31841724365184 0 1 2 1 73 0.998975101754086
"189" "kale" "10:Somatomotor" -0.205145679539653 -0.647024515608706 0.517616077035194 0.0271283004860498 0.978357402539685 1 1 73 0.998975101754086
"190" "kale" "11.5:Fronto_Parietal_2" -0.0216231362406662 -0.326978244571034 0.743684339911685 0 1 2 1 73 0.998975101754086
"191" "kale" "15:Medial_Parietal" 0.15534285488383 1.34733959132308 0.177870886555049 0 1 2 1 73 0.998975101754086
"192" "kale" "16:Parieto_Occipital" -0.110191902349512 -1.0214714889931 0.307031110346673 0 1 2 1 73 0.998975101754086
"193" "lamb" "1:Default" 0.109948422183306 0.878862547533715 0.379475807698974 0 1 2 1 73 0.998975101754086
"194" "lamb" "2:Visual_2" 0.0527812924288188 -0.360507868649982 0.718467373348968 0.00461247258019263 0.996319792390486 1 1 73 0.998975101754086
"195" "lamb" "3:Fronto_Parietal" 0.0132336853048779 0.0974395559099466 0.922377333092179 0 1 2 1 73 0.998975101754086
"196" "lamb" "4.5:Visual_1" 0.264002561333716 2.45858398518349 0.0139486146947556 0 1 2 1 73 0.666776117771044
"197" "lamb" "5:Dorsal_Attention" -0.180135590195302 -1.518371128883 0.128920865662029 0 1 2 1 73 0.998975101754086
"198" "lamb" "7:Ventral_Attention" 0.201363238135506 0.0943546264927923 0.924827457755249 -0.00811589407668713 0.993524524506664 1 1 73 0.998975101754086
"199" "lamb" "8:Salience" -0.247718751687059 -2.16772860227338 0.0301793419262488 0 1 2 1 73 0.851488575776305
"200" "lamb" "9:Cingulo_opercular" -0.0954605318950461 -0.704204650104208 0.481305335564952 0 1 2 1 73 0.998975101754086
"201" "lamb" "10:Somatomotor" 0.231511391111244 0.0418957765453938 0.9665817832722 0.0262336867627445 0.979070946971029 1 1 73 0.998975101754086
"202" "lamb" "11.5:Fronto_Parietal_2" 0.139503056053849 0.980269828308722 0.326952943890762 0 1 2 1 73 0.998975101754086
"203" "lamb" "15:Medial_Parietal" -0.0322645730552265 -0.21280865545634 0.831476212303957 0 1 2 1 73 0.998975101754086
"204" "lamb" "16:Parieto_Occipital" 0.172567408351691 1.60169936956458 0.109222104652535 0 1 2 1 73 0.998975101754086
"205" "lettuce" "1:Default" -0.0330407621928919 -0.246432241936948 0.80534765019044 0 1 2 1 73 0.998975101754086
"206" "lettuce" "2:Visual_2" 0.0374556393384721 -0.146566149180458 0.883474474116104 0.00457133694328812 0.99635261353404 1 1 73 0.998975101754086
"207" "lettuce" "3:Fronto_Parietal" -0.0919050465428113 -0.849087909262763 0.395832377674837 0 1 2 1 73 0.998975101754086
"208" "lettuce" "4.5:Visual_1" 0.147094615355591 1.33139441386779 0.183059266521903 0 1 2 1 73 0.998975101754086
"209" "lettuce" "5:Dorsal_Attention" 0.0760627758955091 0.651768025324716 0.514550831562132 0 1 1 1 73 0.998975101754086
"210" "lettuce" "7:Ventral_Attention" 0.20777508071091 0.0856323533301103 0.931758678676123 -0.0081153814131197 0.993524933539539 1 1 73 0.998975101754086
"211" "lettuce" "8:Salience" 0.143913064491645 1.2311328140731 0.218273194507427 0 1 2 1 73 0.998975101754086
"212" "lettuce" "9:Cingulo_opercular" -0.0640540743813124 -0.490267260159821 0.623944791318453 0 1 2 1 73 0.998975101754086
"213" "lettuce" "10:Somatomotor" 0.0877286243497995 -0.0304342257471038 0.975720749291591 0.0261958112839064 0.979101156848731 1 1 73 0.998975101754086
"214" "lettuce" "11.5:Fronto_Parietal_2" -0.0106459006846636 -0.0658551369046184 0.94749315856627 0 1 2 1 73 0.998975101754086
"215" "lettuce" "15:Medial_Parietal" 0.0396200980932418 0.381899183385087 0.702536146025692 0 1 2 1 73 0.998975101754086
"216" "lettuce" "16:Parieto_Occipital" 0.0214210279982611 0.0148773536086443 0.988130027126368 0 1 2 1 73 0.998975101754086
"217" "olives" "1:Default" -0.0897795153755032 -0.784129005875125 0.432964417130085 0 1 2 1 73 0.998975101754086
"218" "olives" "2:Visual_2" -0.16186508160718 -0.37702756342687 0.706153121228012 0.0035470740002351 0.997169850353887 1 1 73 0.998975101754086
"219" "olives" "3:Fronto_Parietal" -0.176430030262991 -1.51504360433829 0.129761361966395 0 1 2 1 73 0.998975101754086
"220" "olives" "4.5:Visual_1" 0.036546504688151 0.300477187283981 0.763813194856541 0 1 2 1 73 0.998975101754086
"221" "olives" "5:Dorsal_Attention" 0.0646798422575357 0.55378374538096 0.579726853841413 0 1 1 1 73 0.998975101754086
"222" "olives" "7:Ventral_Attention" -0.101224555581064 0.165471087948585 0.868573204594109 -0.00812823435629851 0.993514678712844 1 1 73 0.998975101754086
"223" "olives" "8:Salience" 0.23502282662007 2.05306671504523 0.0400661075715633 0 1 2 1 73 0.930947793574559
"224" "olives" "9:Cingulo_opercular" -0.0520396183123653 -0.468442124702069 0.639468449713284 0 1 2 1 73 0.998975101754086
"225" "olives" "10:Somatomotor" -0.155070022821887 0.0115256224377699 0.990804087401174 0.0262410562917821 0.979065068961148 1 1 73 0.998975101754086
"226" "olives" "11.5:Fronto_Parietal_2" 0.0699080987601273 0.405210839419651 0.685322538048173 0 1 2 1 73 0.998975101754086
"227" "olives" "15:Medial_Parietal" 0.174073964648145 1.50481821409612 0.132370819647386 0 1 2 1 73 0.998975101754086
"228" "olives" "16:Parieto_Occipital" 0.129323460634031 1.04342558016577 0.29675123132743 0 1 2 1 73 0.998975101754086
"229" "onions" "1:Default" -0.00518736840267576 -0.0903481621449734 0.928010548757029 0 1 2 1 73 0.998975101754086
"230" "onions" "2:Visual_2" 0.145398749286569 -0.0169909277109838 0.986443853366492 0.00456339830871897 0.996358947581929 1 1 73 0.998975101754086
"231" "onions" "3:Fronto_Parietal" 0.0418273317657954 0.345744392598417 0.729534818861322 0 1 2 1 73 0.998975101754086
"232" "onions" "4.5:Visual_1" -0.138932272705515 -1.19866107282677 0.230659760229901 0 1 1 1 73 0.998975101754086
"233" "onions" "5:Dorsal_Attention" 0.059200095402882 0.55581893629484 0.578334638995035 0 1 2 1 73 0.998975101754086
"234" "onions" "7:Ventral_Attention" 0.078259356404054 -0.153465435435028 0.87803124591292 -0.00812654357366948 0.993516027717645 1 1 73 0.998975101754086
"235" "onions" "8:Salience" -0.116717391869171 -0.994345479960103 0.320054701117766 0 1 2 1 73 0.998975101754086
"236" "onions" "9:Cingulo_opercular" 0.0849265802075606 0.643369818055829 0.519984162887018 0 1 2 1 73 0.998975101754086
"237" "onions" "10:Somatomotor" -0.0680466428874384 -0.477927208571659 0.632702014990388 0.0267236063000222 0.978680184749475 1 1 73 0.998975101754086
"238" "onions" "11.5:Fronto_Parietal_2" -0.0959617795255433 -0.752556011428908 0.451716759590651 0 1 2 1 73 0.998975101754086
"239" "onions" "15:Medial_Parietal" -0.0668782900669421 -0.551509742251576 0.581284290118819 0 1 2 1 73 0.998975101754086
"240" "onions" "16:Parieto_Occipital" -0.130298901017914 -1.24007413302245 0.214947975490246 0 1 2 1 73 0.998975101754086
"241" "pork" "1:Default" -0.134111447061398 -1.07819634971658 0.28094614061416 0 1 2 1 73 0.998975101754086
"242" "pork" "2:Visual_2" 0.0988403329771918 0.224744694219345 0.822177892946418 0.000752604161686406 0.999399508815682 1 1 73 0.998975101754086
"243" "pork" "3:Fronto_Parietal" 0.123809491743856 1.04371538483404 0.296617089707093 0 1 2 1 73 0.998975101754086
"244" "pork" "4.5:Visual_1" 0.0881624585257752 0.756203991637661 0.449526899925298 0 1 1 1 73 0.998975101754086
"245" "pork" "5:Dorsal_Attention" -0.141151303762602 -1.21819236942353 0.223150878685786 0 1 1 1 73 0.998975101754086
"246" "pork" "7:Ventral_Attention" 0.0220603409183424 0.274705198810897 0.783542736702981 -0.0129635103341751 0.989656904948701 1 1 73 0.998975101754086
"247" "pork" "8:Salience" -0.0986965423448083 -0.871915237271321 0.383254620524481 0 1 2 1 73 0.998975101754086
"248" "pork" "9:Cingulo_opercular" -0.206684503711717 -1.45099419627249 0.146781476304468 0 1 2 1 73 0.998975101754086
"249" "pork" "10:Somatomotor" 0.0539893815621872 0.0198940376293177 0.984127901487743 0.0258768324030243 0.979355578922218 1 1 73 0.998975101754086
"250" "pork" "11.5:Fronto_Parietal_2" -0.0829991195679033 -0.650069736395254 0.515647176776425 0 1 2 1 73 0.998975101754086
"251" "pork" "15:Medial_Parietal" 0.0454289019621734 0.353107285950015 0.724008010883639 0 1 2 1 73 0.998975101754086
"252" "pork" "16:Parieto_Occipital" 0.0192816040996825 0.142058472758344 0.887033819374679 0 1 2 1 73 0.998975101754086
"253" "radishes" "1:Default" -0.0751647495372011 -0.242033660277699 0.808754081344571 -0.0289910165846833 0.9768717553113 1 1 73 0.998975101754086
"254" "radishes" "2:Visual_2" -0.0798274622979594 0.236057631233118 0.813387950278294 0.0045983657290828 0.996331047909823 1 1 73 0.998975101754086
"255" "radishes" "3:Fronto_Parietal" -0.0630801571197271 -0.478306611659072 0.632431991232327 0 1 2 1 73 0.998975101754086
"256" "radishes" "4.5:Visual_1" -0.111137933632867 -1.1036682386407 0.269737078140804 0 1 2 1 73 0.998975101754086
"257" "radishes" "5:Dorsal_Attention" -0.187079163592613 -1.62713037340618 0.103709411405476 0 1 1 1 73 0.998975101754086
"258" "radishes" "7:Ventral_Attention" -0.221569519967897 -0.195054664899236 0.84535015299143 -0.00813572743447467 0.993508700299132 1 1 73 0.998975101754086
"259" "radishes" "8:Salience" -0.0711617693355103 -0.601995816813869 0.547176921931187 0 1 2 1 73 0.998975101754086
"260" "radishes" "9:Cingulo_opercular" -0.034368608672076 -0.710192525342949 0.477584755414809 0 1 2 1 73 0.998975101754086
"261" "radishes" "10:Somatomotor" -0.0131314567069105 0.420158012660001 0.674370025274244 0.0266112368415336 0.978769810730975 1 1 73 0.998975101754086
"262" "radishes" "11.5:Fronto_Parietal_2" 0.013002832521387 0.166252150049281 0.867958520636704 0 1 2 1 73 0.998975101754086
"263" "radishes" "15:Medial_Parietal" -0.210605333216832 -1.98677187737819 0.0469476824211467 0 1 2 1 73 0.976017608229102
"264" "radishes" "16:Parieto_Occipital" -0.0336822535785005 -0.319476036343484 0.749365560276513 0 1 2 1 73 0.998975101754086
"265" "rasberries" "1:Default" -0.191538439151703 -0.950948348864156 0.341630596456079 -0.0486333045517605 0.961211528164383 1 1 73 0.998975101754086
"266" "rasberries" "2:Visual_2" -0.0398996806606906 0.46964712795428 0.638607148129802 0.0135355395988678 0.989200531696197 1 1 73 0.998975101754086
"267" "rasberries" "3:Fronto_Parietal" 0.189441804160292 1.62745993155883 0.10363945189002 0 1 2 1 73 0.998975101754086
"268" "rasberries" "4.5:Visual_1" -0.0687407007332852 -0.73659800159682 0.461366850604881 0 1 2 1 73 0.998975101754086
"269" "rasberries" "5:Dorsal_Attention" 0.00616957862439439 -0.121372043438529 0.903396359258115 0 1 2 1 73 0.998975101754086
"270" "rasberries" "7:Ventral_Attention" -0.217588874114756 0.157044948067706 0.875209424142947 -0.00515335595873621 0.995888235043621 1 1 73 0.998975101754086
"271" "rasberries" "8:Salience" 0.106838742092849 0.890394083488522 0.373254318161874 0 1 2 1 73 0.998975101754086
"272" "rasberries" "9:Cingulo_opercular" 0.197808033515413 1.67429337604781 0.0940729556898637 0 1 2 1 73 0.998975101754086
"273" "rasberries" "10:Somatomotor" -0.0566996758371158 0.476367609135664 0.633812506546548 0.035732209898589 0.971495887159202 1 1 73 0.998975101754086
"274" "rasberries" "11.5:Fronto_Parietal_2" -0.0192005265688827 0.0846695754495095 0.932524084358677 0 1 2 1 73 0.998975101754086
"275" "rasberries" "15:Medial_Parietal" 0.146073207605783 1.28111714264164 0.200152523438504 0 1 2 1 73 0.998975101754086
"276" "rasberries" "16:Parieto_Occipital" 0.0252299600749649 0.493436926297522 0.621703896290282 0 1 2 1 73 0.998975101754086
"277" "red_peppers" "1:Default" -0.103540900833826 -1.00893333193006 0.313006608340736 0 1 2 1 73 0.998975101754086
"278" "red_peppers" "2:Visual_2" 0.138981475595027 0.171326656254051 0.863966921669385 0.00457431489463258 0.996350237497482 1 1 73 0.998975101754086
"279" "red_peppers" "3:Fronto_Parietal" -0.0303581664138774 -0.307459966843795 0.758493290044269 0 1 2 1 73 0.998975101754086
"280" "red_peppers" "4.5:Visual_1" 0.203132904387166 1.90931580614427 0.0562213645033216 0 1 2 1 73 0.998975101754086
"281" "red_peppers" "5:Dorsal_Attention" -0.149016976303825 -1.22335668844926 0.22119500455971 0 1 2 1 73 0.998975101754086
"282" "red_peppers" "7:Ventral_Attention" 0.355393194104475 0.113686718537562 0.909486141327159 -0.00811933554574498 0.993521778702106 1 1 73 0.998975101754086
"283" "red_peppers" "8:Salience" -0.0979815062274661 -0.805368533050062 0.420607044551365 0 1 2 1 73 0.998975101754086
"284" "red_peppers" "9:Cingulo_opercular" -0.109854491777881 -0.655495471531175 0.512148801064081 0 1 2 1 73 0.998975101754086
"285" "red_peppers" "10:Somatomotor" 0.240381823735713 0.122724699125789 0.902325104635982 0.0262633492536884 0.979047287879251 1 1 73 0.998975101754086
"286" "red_peppers" "11.5:Fronto_Parietal_2" 0.0907483938788454 0.998573977808787 0.318001111165299 0 1 2 1 73 0.998975101754086
"287" "red_peppers" "15:Medial_Parietal" -0.0237592193943049 -0.129123843697038 0.897259655400577 0 1 2 1 73 0.998975101754086
"288" "red_peppers" "16:Parieto_Occipital" -0.0128786058212787 -0.00479545057258787 0.996173798690819 0 1 2 1 73 0.998975101754086
"289" "salad_dressing" "1:Default" 0.0610229362790564 0.593652931137881 0.552744270682802 0 1 2 1 73 0.998975101754086
"290" "salad_dressing" "2:Visual_2" 0.0213110604186363 0.335866414801997 0.73697160441844 0.00996229899920285 0.992051366918848 1 1 73 0.998975101754086
"291" "salad_dressing" "3:Fronto_Parietal" -0.0752502345217044 -0.653186216251117 0.513636235280604 0 1 2 1 73 0.998975101754086
"292" "salad_dressing" "4.5:Visual_1" 0.201311147531758 1.73397340521908 0.0829228020351423 0 1 2 1 73 0.998975101754086
"293" "salad_dressing" "5:Dorsal_Attention" 0.273328114101364 2.4277606153976 0.0151923672403529 0 1 1 1 73 0.666776117771044
"294" "salad_dressing" "7:Ventral_Attention" -0.0757422182238561 -0.356878313520741 0.721182905366596 -0.0138861174427538 0.988920837339295 1 1 73 0.998975101754086
"295" "salad_dressing" "8:Salience" 0.0732566010852536 0.609608420275489 0.54212123244818 0 1 2 1 73 0.998975101754086
"296" "salad_dressing" "9:Cingulo_opercular" 0.00172613319382186 0.00445422942471639 0.996446050863569 0 1 2 1 73 0.998975101754086
"297" "salad_dressing" "10:Somatomotor" -0.163909765431617 -0.134472928060494 0.893028616914743 0.0240803811436616 0.98078849236453 1 1 73 0.998975101754086
"298" "salad_dressing" "11.5:Fronto_Parietal_2" 0.158469163414615 1.32427018736047 0.185413327969131 0 1 2 1 73 0.998975101754086
"299" "salad_dressing" "15:Medial_Parietal" 0.159606075109364 1.40271709031323 0.160701218937401 0 1 2 1 73 0.998975101754086
"300" "salad_dressing" "16:Parieto_Occipital" 0.0968395374324536 0.878873264032377 0.379469996489419 0 1 2 1 73 0.998975101754086
"301" "salmon" "1:Default" -0.0896291973416111 -0.574661473543217 0.565520268073716 0 1 2 1 73 0.998975101754086
"302" "salmon" "2:Visual_2" -0.214520340277888 -0.100791900453455 0.919715656599442 0.00456713152495576 0.996355968937372 1 1 73 0.998975101754086
"303" "salmon" "3:Fronto_Parietal" -0.0975317820911723 -0.832606687129657 0.405066586349013 0 1 2 1 73 0.998975101754086
"304" "salmon" "4.5:Visual_1" 0.0445850637137048 0.353583052844845 0.723651376810008 0 1 2 1 73 0.998975101754086
"305" "salmon" "5:Dorsal_Attention" -0.306401324186805 -2.75924804981435 0.00579345415244387 0 1 2 1 73 0.666776117771044
"306" "salmon" "7:Ventral_Attention" 0.0607992903106786 0.586463484498129 0.557564093201351 -0.00837511821268338 0.993317700602274 1 1 73 0.998975101754086
"307" "salmon" "8:Salience" -0.0462571504135468 -0.482023664837117 0.629789135307038 0 1 2 1 73 0.998975101754086
"308" "salmon" "9:Cingulo_opercular" -0.0110135331070355 -0.398527371560208 0.690241486071488 0 1 2 1 73 0.998975101754086
"309" "salmon" "10:Somatomotor" 0.116823810811476 0.643941153126777 0.519613594392131 0.027119571578817 0.978364364638492 1 1 73 0.998975101754086
"310" "salmon" "11.5:Fronto_Parietal_2" -0.0918833662552082 -0.756359415282217 0.449433733983956 0 1 2 1 73 0.998975101754086
"311" "salmon" "15:Medial_Parietal" 0.0568029958866245 0.439604649712504 0.660223472479955 0 1 2 1 73 0.998975101754086
"312" "salmon" "16:Parieto_Occipital" -0.061095063299114 -0.535668412738351 0.592187737961823 0 1 2 1 73 0.998975101754086
"313" "salsa" "1:Default" 0.0672609173221162 0.561329883077276 0.574572673610805 0 1 2 1 73 0.998975101754086
"314" "salsa" "2:Visual_2" 0.0287981406336749 -0.0538813242537738 0.957029716134859 0.00456421383651285 0.99635829689167 1 1 73 0.998975101754086
"315" "salsa" "3:Fronto_Parietal" -0.0345399870576181 -0.262423577269808 0.792994897411878 0 1 2 1 73 0.998975101754086
"316" "salsa" "4.5:Visual_1" -0.074395312678404 -0.713058177539174 0.475809757718663 0 1 2 1 73 0.998975101754086
"317" "salsa" "5:Dorsal_Attention" 0.0503536153078232 0.39828004811118 0.690423765872987 0 1 2 1 73 0.998975101754086
"318" "salsa" "7:Ventral_Attention" -0.203233586005032 -0.408391504322023 0.682986269631877 -0.00822111035940852 0.9934405768599 1 1 73 0.998975101754086
"319" "salsa" "8:Salience" 0.0308619307149278 0.225303359886659 0.82174328605171 0 1 2 1 73 0.998975101754086
"320" "salsa" "9:Cingulo_opercular" 0.0802610792068663 0.502684217553991 0.61518630761114 0 1 2 1 73 0.998975101754086
"321" "salsa" "10:Somatomotor" -0.00228032984176717 0.125770369393285 0.899913697286364 0.0263543847440019 0.978974677200395 1 1 73 0.998975101754086
"322" "salsa" "11.5:Fronto_Parietal_2" 0.0702174711853519 0.0887213969178114 0.92930332731049 0 1 2 1 73 0.998975101754086
"323" "salsa" "15:Medial_Parietal" 0.00366544342284479 0.0438365987415263 0.96503465353563 0 1 2 1 73 0.998975101754086
"324" "salsa" "16:Parieto_Occipital" 0.0733747708744669 0.5814766466093 0.560919253220741 0 1 2 1 73 0.998975101754086
"325" "sauerkraut" "1:Default" -0.177637793367577 -1.54398082849821 0.122592977105432 0 1 2 1 73 0.998975101754086
"326" "sauerkraut" "2:Visual_2" -0.00404438865845525 -0.667606510533846 0.50438480075884 0.0047294463138494 0.996226461872577 1 1 73 0.998975101754086
"327" "sauerkraut" "3:Fronto_Parietal" -0.0470296931424371 -0.434250166196803 0.664106787405632 0 1 2 1 73 0.998975101754086
"328" "sauerkraut" "4.5:Visual_1" 0.14403970193401 1.24364295948055 0.213630997870599 0 1 1 1 73 0.998975101754086
"329" "sauerkraut" "5:Dorsal_Attention" -0.0499192580059283 -0.427042238648598 0.669348562906105 0 1 1 1 73 0.998975101754086
"330" "sauerkraut" "7:Ventral_Attention" -0.030297006660174 -0.134248048918731 0.893206432217215 -0.00812186953744058 0.993519756935918 1 1 73 0.998975101754086
"331" "sauerkraut" "8:Salience" -0.0129568533408387 -0.120775904419829 0.903868535859887 0 1 2 1 73 0.998975101754086
"332" "sauerkraut" "9:Cingulo_opercular" -0.106746445105964 -2.11432530323624 0.0344874926457005 0 1 2 1 73 0.887888418695719
"333" "sauerkraut" "10:Somatomotor" 0.0369500330792765 0.0616601578880796 0.950833468964196 0.0262361462964361 0.979068985222293 1 1 73 0.998975101754086
"334" "sauerkraut" "11.5:Fronto_Parietal_2" 0.132090300064931 1.06618037757887 0.28634211062102 0 1 2 1 73 0.998975101754086
"335" "sauerkraut" "15:Medial_Parietal" -0.251301085868524 -2.21593484497865 0.0266959647017231 0 1 2 1 73 0.851488575776305
"336" "sauerkraut" "16:Parieto_Occipital" -0.0660940881737977 -0.638253845726421 0.523308451092818 0 1 2 1 73 0.998975101754086
"337" "sausage" "1:Default" 0.0305001159170857 0.30603418786887 0.759578615606481 0 1 2 1 73 0.998975101754086
"338" "sausage" "2:Visual_2" -0.252976089731268 -0.30755225283757 0.758423056851799 0.00880223359255752 0.992976924406551 1 1 73 0.998975101754086
"339" "sausage" "3:Fronto_Parietal" -0.281214797727583 -2.49889835847203 0.0124580036815373 0 1 2 1 73 0.666776117771044
"340" "sausage" "4.5:Visual_1" 0.137392599642724 1.18512021984579 0.235969917575802 0 1 1 1 73 0.998975101754086
"341" "sausage" "5:Dorsal_Attention" -0.141523267429072 -1.16709211837034 0.243173170434617 0 1 2 1 73 0.998975101754086
"342" "sausage" "7:Ventral_Attention" -0.174409443061585 -0.0779219203497162 0.937890162506266 -0.00705127859354262 0.994373940298109 1 1 73 0.998975101754086
"343" "sausage" "8:Salience" -0.162397633925288 -1.42414629059061 0.154404128715273 0 1 2 1 73 0.998975101754086
"344" "sausage" "9:Cingulo_opercular" -0.285952494916038 -2.6107523679519 0.00903432858032012 0 1 2 1 73 0.666776117771044
"345" "sausage" "10:Somatomotor" 0.0661064141976111 0.425964764455726 0.67013352141394 0.0207986155848777 0.983406302104348 1 1 73 0.998975101754086
"346" "sausage" "11.5:Fronto_Parietal_2" -0.0539301764396664 0.0337641263341499 0.973065242662932 0 1 2 1 73 0.998975101754086
"347" "sausage" "15:Medial_Parietal" -0.193497706491903 -1.71725214042159 0.0859331124981124 0 1 2 1 73 0.998975101754086
"348" "sausage" "16:Parieto_Occipital" 0.120055558875602 1.35883465560675 0.17419898893784 0 1 2 1 73 0.998975101754086
"349" "spinach" "1:Default" 0.0466222246663366 0.4126843879302 0.679837864607384 0 1 2 1 73 0.998975101754086
"350" "spinach" "2:Visual_2" 0.0149016074701223 0.379844057639297 0.704061175805313 0.00461772304797588 0.996315603167918 1 1 73 0.998975101754086
"351" "spinach" "3:Fronto_Parietal" -0.109948352285024 -0.8904547774297 0.373221740569832 0 1 2 1 73 0.998975101754086
"352" "spinach" "4.5:Visual_1" -0.114468635434778 -0.996472219837642 0.319020758282339 0 1 2 1 73 0.998975101754086
"353" "spinach" "5:Dorsal_Attention" -0.129486137618246 -1.04377009128738 0.296591772333198 0 1 2 1 73 0.998975101754086
"354" "spinach" "7:Ventral_Attention" -0.235821465767243 -0.187275589854951 0.851444560856818 -0.00813381681400827 0.993510224703264 1 1 73 0.998975101754086
"355" "spinach" "8:Salience" 0.0131946974865695 0.120633821525861 0.903981078757622 0 1 2 1 73 0.998975101754086
"356" "spinach" "9:Cingulo_opercular" -0.059044637588586 -0.86119622604906 0.389129978272897 0 1 2 1 73 0.998975101754086
"357" "spinach" "10:Somatomotor" 0.078303112073141 0.549534549462425 0.582638661235243 0.0268808187648378 0.978554792397588 1 1 73 0.998975101754086
"358" "spinach" "11.5:Fronto_Parietal_2" 0.0623641509825982 0.96590533503583 0.334091552514041 0 1 2 1 73 0.998975101754086
"359" "spinach" "15:Medial_Parietal" 0.0151507746330075 0.0486393081580933 0.9612067436418 0 1 2 1 73 0.998975101754086
"360" "spinach" "16:Parieto_Occipital" 0.00323150158278312 0.419894620130329 0.674562438065664 0 1 2 1 73 0.998975101754086
"361" "tomatoes" "1:Default" 0.106651781064374 0.972889307592433 0.330608319705117 0 1 2 1 73 0.998975101754086
"362" "tomatoes" "2:Visual_2" 0.127750366907332 0.49993466269662 0.617121084201555 0.011756647206442 0.990619768794982 1 1 73 0.998975101754086
"363" "tomatoes" "3:Fronto_Parietal" -0.0801471226016578 -0.685799251037251 0.492839708679696 0 1 2 1 73 0.998975101754086
"364" "tomatoes" "4.5:Visual_1" 0.225376415782805 1.98900396118415 0.0467007657439178 0 1 2 1 73 0.976017608229102
"365" "tomatoes" "5:Dorsal_Attention" 0.0695601901999908 0.595764896745045 0.551332297336551 0 1 1 1 73 0.998975101754086
"366" "tomatoes" "7:Ventral_Attention" -0.0330272478219579 0.0366317284318337 0.970778644870677 -0.00759033932988537 0.993943843589962 1 1 73 0.998975101754086
"367" "tomatoes" "8:Salience" -0.0364733250902495 -0.3201701058334 0.748839383456487 0 1 2 1 73 0.998975101754086
"368" "tomatoes" "9:Cingulo_opercular" 0.270469780595243 2.19617274269722 0.0280795815463471 0 1 2 1 73 0.851488575776305
"369" "tomatoes" "10:Somatomotor" -0.0179536834440869 0.392224536386512 0.69489231625668 0.0321305205558583 0.974367964086105 1 1 73 0.998975101754086
"370" "tomatoes" "11.5:Fronto_Parietal_2" -0.0238662477451313 -0.195775738767627 0.844785700251027 0 1 2 1 73 0.998975101754086
"371" "tomatoes" "15:Medial_Parietal" 0.0997762317751696 0.877227692485481 0.380362977528755 0 1 2 1 73 0.998975101754086
"372" "tomatoes" "16:Parieto_Occipital" 0.00804324707513885 -0.101948769144194 0.918797339413518 0 1 2 1 73 0.998975101754086
"373" "tuna" "1:Default" -0.0494762180625144 -0.373158847254415 0.709030222742381 0 1 2 1 73 0.998975101754086
"374" "tuna" "2:Visual_2" -0.000598634409946525 0.27776941517634 0.781189370745169 0.00459233524085403 0.996335859492471 1 1 73 0.998975101754086
"375" "tuna" "3:Fronto_Parietal" 0.0265200184441253 0.298450729858835 0.765359175327586 0 1 2 1 73 0.998975101754086
"376" "tuna" "4.5:Visual_1" 0.01968083519677 0.0657706774361457 0.947560401687985 0 1 2 1 73 0.998975101754086
"377" "tuna" "5:Dorsal_Attention" -0.191038371570757 -1.66285615541713 0.0963412326655386 0 1 1 1 73 0.998975101754086
"378" "tuna" "7:Ventral_Attention" -0.123420230790499 -0.147305189523459 0.88289113651732 -0.00816598129250874 0.993484562014747 1 1 73 0.998975101754086
"379" "tuna" "8:Salience" -0.0563792616092331 -0.484287811293438 0.62818162498635 0 1 2 1 73 0.998975101754086
"380" "tuna" "9:Cingulo_opercular" -0.0579548490709075 -1.02685170049347 0.304490300402129 0 1 2 1 73 0.998975101754086
"381" "tuna" "10:Somatomotor" 0.159746763565093 0.674222582688009 0.500169814448046 0.027203426344843 0.978297482890805 1 1 73 0.998975101754086
"382" "tuna" "11.5:Fronto_Parietal_2" -0.025191091224787 -0.227700569620425 0.819879029577524 0 1 2 1 73 0.998975101754086
"383" "tuna" "15:Medial_Parietal" -0.136817308690228 -1.28866601678926 0.197514221672389 0 1 2 1 73 0.998975101754086
"384" "tuna" "16:Parieto_Occipital" -0.0112613509424297 -0.148407433672335 0.882021233814742 0 1 2 1 73 0.998975101754086
"385" "yogurt" "1:Default" 0.0873872412296038 0.740274581319212 0.459133401197755 0 1 2 1 73 0.998975101754086
"386" "yogurt" "2:Visual_2" -0.149261485299897 -0.506339873372091 0.612618076090557 -0.00796793341024028 0.993642576220516 1 1 73 0.998975101754086
"387" "yogurt" "3:Fronto_Parietal" 0.104536077968347 0.951891302256668 0.34115211107526 0 1 2 1 73 0.998975101754086
"388" "yogurt" "4.5:Visual_1" -0.074988072370086 -0.782900164122647 0.433685741128978 0 1 2 1 73 0.998975101754086
"389" "yogurt" "5:Dorsal_Attention" -0.00872527992578023 -0.140272172166366 0.888444950311564 0 1 2 1 73 0.998975101754086
"390" "yogurt" "7:Ventral_Attention" -0.0938089372447195 -0.319412812295293 0.749413496479154 -0.0162240345456651 0.987055661191199 1 1 73 0.998975101754086
"391" "yogurt" "8:Salience" -0.148381935281033 -1.28274517721801 0.199581366652221 0 1 2 1 73 0.998975101754086
"392" "yogurt" "9:Cingulo_opercular" -0.0232753469698655 -0.237466272310015 0.812295081743396 0 1 2 1 73 0.998975101754086
"393" "yogurt" "10:Somatomotor" -0.214538818308866 -0.829934675796844 0.406575718240935 0.00697442452316261 0.994435259466426 1 1 73 0.998975101754086
"394" "yogurt" "11.5:Fronto_Parietal_2" 0.115546733023317 0.632722171069709 0.526915088902786 0 1 2 1 73 0.998975101754086
"395" "yogurt" "15:Medial_Parietal" -0.095320248493 -0.794261019114028 0.427043492116725 0 1 2 1 73 0.998975101754086
"396" "yogurt" "16:Parieto_Occipital" 0.0240248605156209 0.303277077490166 0.761678713584409 0 1 2 1 73 0.998975101754086
