"xvar" "yvar" "cor.val" "t.arima" "arima.p" "t.drift" "drift.p" "AR" "MA" "nobs" "pval_bh"
"1" "Abx" "1:Default" -0.152641378858304 -0.964546217292166 0.334772148791762 0 1 1 1 39 0.873318649021988
"2" "Abx" "2:Visual_2" -0.0908226223440344 -0.793273331527933 0.427618590948484 0 1 1 2 39 0.918533513365918
"3" "Abx" "3:Fronto_Parietal" 0.230205693923375 1.47222061863991 0.140961311282383 0 1 1 1 39 0.860689138182915
"4" "Abx" "4.5:Visual_1" 0.0952152647042833 0.597331680293129 0.550285957218313 0 1 1 1 39 0.921545091514942
"5" "Abx" "5:Dorsal_Attention" -0.0287122226729092 -0.34965702358486 0.726596110271539 0 1 1 2 39 0.949908691732668
"6" "Abx" "7:Ventral_Attention" 0.268523184768637 1.81201529915465 0.069983832586002 0 1 1 1 39 0.705330633236975
"7" "Abx" "8:Salience" 0.227193648031322 1.40820519979671 0.15907031700253 0 1 1 1 39 0.860689138182915
"8" "Abx" "9:Cingulo_opercular" 0.163048561817288 0.937193296181806 0.348659137529509 0 1 1 1 39 0.877677132365532
"9" "Abx" "10:Somatomotor" -0.0588578716510157 -0.33419339939772 0.738233624471674 0 1 1 2 39 0.949908691732668
"10" "Abx" "11.5:Fronto_Parietal_2" -0.104818325947346 -0.615801355159796 0.538025632897434 0 1 1 1 39 0.921545091514942
"11" "Abx" "15:Medial_Parietal" 0.181940335979917 1.13014804840521 0.258413846378301 0 1 1 1 39 0.860689138182915
"12" "Abx" "16:Parieto_Occipital" -0.0599845391221384 -0.397419526493725 0.691058118587679 0 1 1 1 39 0.949908691732668
"13" "Agprocess" "1:Default" -0.161830282112847 -1.02412729835945 0.305775152111331 0 1 1 1 39 0.860689138182915
"14" "Agprocess" "2:Visual_2" -0.138097857357632 -1.01683723778735 0.309230864284274 0 1 1 2 39 0.860689138182915
"15" "Agprocess" "3:Fronto_Parietal" 0.0361453254315719 0.225748600073772 0.821396956238443 0 1 1 1 39 0.949908691732668
"16" "Agprocess" "4.5:Visual_1" 0.054370609695793 0.340046576221694 0.733821452849029 0 1 1 1 39 0.949908691732668
"17" "Agprocess" "5:Dorsal_Attention" 0.0671801796478379 0.1452501840649 0.88451334486495 0 1 1 2 39 0.951389083521354
"18" "Agprocess" "7:Ventral_Attention" 0.0137883460572275 0.13379450878158 0.893565069512517 0 1 1 1 39 0.951389083521354
"19" "Agprocess" "8:Salience" 0.280490230914411 1.79865188958992 0.0720737637023263 0 1 1 1 39 0.705330633236975
"20" "Agprocess" "9:Cingulo_opercular" 0.0205499380953448 0.0905294602771234 0.927866484148127 0 1 1 1 39 0.95771392295382
"21" "Agprocess" "10:Somatomotor" -0.19499353034507 -1.0775712862136 0.281225122020824 0 1 1 2 39 0.860689138182915
"22" "Agprocess" "11.5:Fronto_Parietal_2" 0.0176082882284593 0.127513316166552 0.898534134436834 0 1 1 1 39 0.951389083521354
"23" "Agprocess" "15:Medial_Parietal" 0.131201984205577 0.815760912228708 0.414636893162459 0 1 1 1 39 0.918533513365918
"24" "Agprocess" "16:Parieto_Occipital" 0.267208667096796 1.71575399602976 0.0862070773956303 0 1 1 1 39 0.705330633236975
"25" "BCRsig" "1:Default" 0.00457387634929022 0.028564096611106 0.977212247146361 0 1 1 1 39 0.989389678536805
"26" "BCRsig" "2:Visual_2" 0.351062241552399 0.825240572958138 0.409235023015752 0 1 1 2 39 0.918533513365918
"27" "BCRsig" "3:Fronto_Parietal" 0.191194396677329 1.19341038534469 0.232708689657418 0 1 1 1 39 0.860689138182915
"28" "BCRsig" "4.5:Visual_1" -0.144072461605276 -0.909216115104461 0.363236059370158 0 1 1 1 39 0.895650557351075
"29" "BCRsig" "5:Dorsal_Attention" -0.043213779917607 -0.409667229570889 0.682050072375852 0 1 1 2 39 0.949908691732668
"30" "BCRsig" "7:Ventral_Attention" 0.186801484983271 1.18747518995793 0.235040237117132 0 1 1 1 39 0.860689138182915
"31" "BCRsig" "8:Salience" -0.0601026715820202 -0.282583179340826 0.777496375946244 0 1 1 1 39 0.949908691732668
"32" "BCRsig" "9:Cingulo_opercular" -0.098313465763656 -0.419178829548103 0.675085442916621 0 1 1 1 39 0.949908691732668
"33" "BCRsig" "10:Somatomotor" 0.316897798756465 2.43315173149561 0.014968027030171 0 1 2 1 39 0.52060511122857
"34" "BCRsig" "11.5:Fronto_Parietal_2" 0.175866284458456 1.00022890930819 0.317199741839747 0 1 1 1 39 0.865090205017492
"35" "BCRsig" "15:Medial_Parietal" 0.096227119618436 0.638297501178585 0.523280038316609 0 1 1 1 39 0.921545091514942
"36" "BCRsig" "16:Parieto_Occipital" -0.253543229929639 -3.61440908309272 0.000301033427857303 0 1 2 1 39 0.0541860170143145
"37" "Cmkn" "1:Default" -0.09585102763815 -0.601357226813101 0.547602081238817 0 1 1 1 39 0.921545091514942
"38" "Cmkn" "2:Visual_2" 0.0136344938224646 -0.0201884153545511 0.9838930692116 0 1 1 2 39 0.989389678536805
"39" "Cmkn" "3:Fronto_Parietal" -0.0956620724183171 -0.596597888536937 0.550775881294945 0 1 1 1 39 0.921545091514942
"40" "Cmkn" "4.5:Visual_1" 0.177632554658696 1.12723920496035 0.25964135874217 0 1 1 1 39 0.860689138182915
"41" "Cmkn" "5:Dorsal_Attention" 0.0858028895174006 0.171276120159995 0.864006656350228 0 1 1 2 39 0.949908691732668
"42" "Cmkn" "7:Ventral_Attention" 0.155229633986181 0.808291613150349 0.418922729423504 0 1 1 1 39 0.918533513365918
"43" "Cmkn" "8:Salience" 0.128496447304936 0.852968339341734 0.393676861901793 0 1 1 1 39 0.918533513365918
"44" "Cmkn" "9:Cingulo_opercular" -0.215475515277615 -1.24272345151389 0.213969758968668 0 1 1 1 39 0.860689138182915
"45" "Cmkn" "10:Somatomotor" 0.0209256774244763 1.04876768856532 0.2942850520995 0 1 1 3 39 0.860689138182915
"46" "Cmkn" "11.5:Fronto_Parietal_2" 0.0735304004994183 0.404910369076344 0.685543396201566 0 1 1 1 39 0.949908691732668
"47" "Cmkn" "15:Medial_Parietal" 0.255179123886598 1.66534572841579 0.0958438002893584 0 1 1 1 39 0.718828502170188
"48" "Cmkn" "16:Parieto_Occipital" -0.0352458692780418 -0.1866242111627 0.851955282483173 0 1 1 1 39 0.949908691732668
"49" "CmknR" "1:Default" -0.0732092014044614 -0.458420669110128 0.646650244954848 0 1 1 1 39 0.949908691732668
"50" "CmknR" "2:Visual_2" -0.348872697688392 -1.32797386713113 0.184186740223793 0 1 1 2 39 0.860689138182915
"51" "CmknR" "3:Fronto_Parietal" 0.00369343152910979 0.0228648435133842 0.981758083871553 0 1 1 1 39 0.989389678536805
"52" "CmknR" "4.5:Visual_1" 0.123431460146411 0.77676763498305 0.437295874897582 0 1 1 1 39 0.918533513365918
"53" "CmknR" "5:Dorsal_Attention" -0.0711280815196086 -0.661899126443176 0.508035871674044 0 1 1 2 39 0.918533513365918
"54" "CmknR" "7:Ventral_Attention" 0.0914634822651991 0.795510110279314 0.426316832190654 0 1 1 1 39 0.918533513365918
"55" "CmknR" "8:Salience" 0.156068626672287 0.879279399729111 0.379249802620794 0 1 1 1 39 0.910542676217575
"56" "CmknR" "9:Cingulo_opercular" 0.127571771249014 0.600880868525744 0.547919336554579 0 1 1 1 39 0.921545091514942
"57" "CmknR" "10:Somatomotor" -0.221222894108405 -0.78555600288643 0.432127648788805 0 1 1 2 39 0.918533513365918
"58" "CmknR" "11.5:Fronto_Parietal_2" -0.190039275506818 -1.09223052137633 0.27473179024245 0 1 1 1 39 0.860689138182915
"59" "CmknR" "15:Medial_Parietal" 0.190567001195273 1.14204964290407 0.253433385402136 0 1 1 1 39 0.860689138182915
"60" "CmknR" "16:Parieto_Occipital" 0.0410966635947893 0.197623114246676 0.843339948903192 0 1 1 1 39 0.949908691732668
"61" "IFN" "1:Default" 0.0569344684682231 0.356132657371467 0.721741221368975 0 1 1 1 39 0.949908691732668
"62" "IFN" "2:Visual_2" 0.243299351620429 2.16592080651131 0.0303172390699642 0 1 1 2 39 0.60740812341167
"63" "IFN" "3:Fronto_Parietal" 0.0287884247466413 0.179425755494947 0.857603409567891 0 1 1 1 39 0.949908691732668
"64" "IFN" "4.5:Visual_1" -0.0901827464246372 -0.565494086462599 0.571737745397736 0 1 1 1 39 0.935570856105386
"65" "IFN" "5:Dorsal_Attention" 0.0499149848975585 0.0132499671406968 0.989428365117105 0 1 1 2 39 0.989428365117105
"66" "IFN" "7:Ventral_Attention" -0.243252919936746 -1.61664463994573 0.105955010157242 0 1 1 1 39 0.762876073132142
"67" "IFN" "8:Salience" 0.135432964310271 0.879015665927618 0.379392781757323 0 1 1 1 39 0.910542676217575
"68" "IFN" "9:Cingulo_opercular" 0.0493062453521571 0.363941845611403 0.715901435999105 0 1 1 1 39 0.949908691732668
"69" "IFN" "10:Somatomotor" 0.159675154087083 1.84687608144447 0.0647651020143406 0 1 1 3 39 0.705330633236975
"70" "IFN" "11.5:Fronto_Parietal_2" -0.199147603377148 -1.29406120877296 0.19564427923093 0 1 1 1 39 0.860689138182915
"71" "IFN" "15:Medial_Parietal" -0.261020224822035 -1.66677696303859 0.0955587626275003 0 1 1 1 39 0.718828502170188
"72" "IFN" "16:Parieto_Occipital" -0.196971849386649 -1.23111957935455 0.218278143659983 0 1 1 1 39 0.860689138182915
"73" "IFNR" "1:Default" -0.111132134085556 -0.698344440071024 0.484961813499526 0 1 1 1 39 0.918533513365918
"74" "IFNR" "2:Visual_2" -0.117381369133341 -0.361018704460005 0.718085464566439 0 1 1 2 39 0.949908691732668
"75" "IFNR" "3:Fronto_Parietal" 0.0831555890990052 0.521104459239927 0.602294004709413 0 1 1 1 39 0.949908691732668
"76" "IFNR" "4.5:Visual_1" 0.0601917166515592 0.37657910507565 0.706486418259423 0 1 1 1 39 0.949908691732668
"77" "IFNR" "5:Dorsal_Attention" 0.0899090475548003 0.214258377601924 0.830345574166465 0 1 1 2 39 0.949908691732668
"78" "IFNR" "7:Ventral_Attention" -0.0517046688128088 -0.320354486651939 0.748699623275382 0 1 1 1 39 0.949908691732668
"79" "IFNR" "8:Salience" 0.153094268593486 0.966320554589616 0.333883803858662 0 1 1 1 39 0.873318649021988
"80" "IFNR" "9:Cingulo_opercular" -0.13484783387315 -0.837093168745663 0.402540199946754 0 1 1 1 39 0.918533513365918
"81" "IFNR" "10:Somatomotor" -0.0621489683627491 0.0712691807751468 0.943183523016683 0 1 1 2 39 0.964619512176153
"82" "IFNR" "11.5:Fronto_Parietal_2" -0.0136517406239423 -0.086447412267769 0.931110758427325 0 1 1 1 39 0.95771392295382
"83" "IFNR" "15:Medial_Parietal" 0.119756501958118 0.753482551041727 0.45115999282837 0 1 1 1 39 0.918533513365918
"84" "IFNR" "16:Parieto_Occipital" 0.246862415569344 1.59002606256249 0.111828930439807 0 1 1 1 39 0.774200287660202
"85" "IL" "1:Default" -0.0442020330858506 -0.276311170780017 0.782309076741408 0 1 1 1 39 0.949908691732668
"86" "IL" "2:Visual_2" 0.0698057243386746 0.394056196841394 0.69353954974552 0 1 1 2 39 0.949908691732668
"87" "IL" "3:Fronto_Parietal" -0.0328496255030827 -0.202647934578203 0.8394102208659 0 1 1 1 39 0.949908691732668
"88" "IL" "4.5:Visual_1" 0.0641295570785371 0.401314186448237 0.688188820171621 0 1 1 1 39 0.949908691732668
"89" "IL" "5:Dorsal_Attention" 0.271016862976706 1.75830136190345 0.0786962460953721 0 1 1 1 39 0.705330633236975
"90" "IL" "7:Ventral_Attention" 0.0660404289461958 0.187509509093652 0.851261168738528 0 1 1 1 39 0.949908691732668
"91" "IL" "8:Salience" 0.10675821571039 0.734956114550524 0.462366221677329 0 1 1 1 39 0.918533513365918
"92" "IL" "9:Cingulo_opercular" -0.140748286107561 -0.707493564837492 0.47925981035685 0 1 1 1 39 0.918533513365918
"93" "IL" "10:Somatomotor" 0.0169939157558322 1.17597081588637 0.239606538368329 0 1 1 3 39 0.860689138182915
"94" "IL" "11.5:Fronto_Parietal_2" 0.107820824942702 0.588814494616592 0.555985721449285 0 1 1 1 39 0.921545091514942
"95" "IL" "15:Medial_Parietal" 0.226410403296438 1.47233464908019 0.140930531028856 0 1 1 1 39 0.860689138182915
"96" "IL" "16:Parieto_Occipital" -0.0373526834922933 -0.182233924046957 0.855399151171732 0 1 1 1 39 0.949908691732668
"97" "ILR" "1:Default" 0.087882271099468 0.550955296820618 0.581664319429772 0 1 1 1 39 0.943239436913144
"98" "ILR" "2:Visual_2" 0.00897874432022169 1.0135355783789 0.310804411010497 0 1 1 2 39 0.860689138182915
"99" "ILR" "3:Fronto_Parietal" -0.284647452562543 -1.85304690012763 0.0638756366857331 0 1 1 1 39 0.705330633236975
"100" "ILR" "4.5:Visual_1" 0.104843780382096 0.658376244268094 0.510296396314399 0 1 1 1 39 0.918533513365918
"101" "ILR" "5:Dorsal_Attention" -0.0920779268722458 -0.239928620424628 0.810385592897136 0 1 1 2 39 0.949908691732668
"102" "ILR" "7:Ventral_Attention" -0.17492864749292 -1.0375539578721 0.299477762728419 0 1 1 1 39 0.860689138182915
"103" "ILR" "8:Salience" 0.0366639847002512 0.212574359987573 0.831658972120398 0 1 1 1 39 0.949908691732668
"104" "ILR" "9:Cingulo_opercular" -0.0792124366939153 -0.523471735110453 0.600646015437571 0 1 1 1 39 0.949908691732668
"105" "ILR" "10:Somatomotor" 0.00187035422549485 0.672219714267052 0.501443832290512 0 1 1 3 39 0.918533513365918
"106" "ILR" "11.5:Fronto_Parietal_2" -0.0563698802831663 -0.335082556163609 0.73756281114971 0 1 1 1 39 0.949908691732668
"107" "ILR" "15:Medial_Parietal" -0.16703285762024 -1.06526895615026 0.286754236778345 0 1 1 1 39 0.860689138182915
"108" "ILR" "16:Parieto_Occipital" 0.0574166718171178 0.348327144171937 0.727594510668753 0 1 1 1 39 0.949908691732668
"109" "Nkcyto" "1:Default" -0.112227820946766 -0.705317121099239 0.480612908015898 0 1 1 1 39 0.918533513365918
"110" "Nkcyto" "2:Visual_2" -0.266011199494449 -1.20778299845982 0.227130742771024 0 1 1 2 39 0.860689138182915
"111" "Nkcyto" "3:Fronto_Parietal" -0.108429914912052 -0.669076418592612 0.503446731696359 0 1 1 1 39 0.918533513365918
"112" "Nkcyto" "4.5:Visual_1" 0.0755452894374833 0.473131269288865 0.636119529223134 0 1 1 1 39 0.949908691732668
"113" "Nkcyto" "5:Dorsal_Attention" 0.0226582224578285 -0.337378968666629 0.735831236817031 0 1 1 2 39 0.949908691732668
"114" "Nkcyto" "7:Ventral_Attention" -0.00626409298599583 0.199667642135433 0.8417405219857 0 1 1 1 39 0.949908691732668
"115" "Nkcyto" "8:Salience" 0.124667969824688 0.683928953021156 0.494020030270478 0 1 1 1 39 0.918533513365918
"116" "Nkcyto" "9:Cingulo_opercular" 0.204310097380703 1.08199890716322 0.279253013543418 0 1 1 1 39 0.860689138182915
"117" "Nkcyto" "10:Somatomotor" -0.39756294856893 -1.90659561975493 0.0565729727578324 0 1 1 2 39 0.705330633236975
"118" "Nkcyto" "11.5:Fronto_Parietal_2" 0.145295866452529 0.987091734268693 0.323597669529446 0 1 1 1 39 0.869366873362691
"119" "Nkcyto" "15:Medial_Parietal" 0.0362316908876016 0.177993367175757 0.858728184792489 0 1 1 1 39 0.949908691732668
"120" "Nkcyto" "16:Parieto_Occipital" 0.342446111340152 2.16522568628593 0.0303704061705835 0 1 1 1 39 0.60740812341167
"121" "TCRsig" "1:Default" 0.0164822390994569 0.102945343394561 0.918006350023127 0 1 1 1 39 0.955151115630999
"122" "TCRsig" "2:Visual_2" -0.151292209499272 -0.380772864595002 0.703371796060277 0 1 1 2 39 0.949908691732668
"123" "TCRsig" "3:Fronto_Parietal" 0.0874700615536653 0.537923801825276 0.590629655353233 0 1 1 1 39 0.949226231817696
"124" "TCRsig" "4.5:Visual_1" 0.026312597407476 0.16437867682538 0.86943304866722 0 1 1 1 39 0.949908691732668
"125" "TCRsig" "5:Dorsal_Attention" -0.176416115271044 -1.1192709582239 0.263024561547104 0 1 1 1 39 0.860689138182915
"126" "TCRsig" "7:Ventral_Attention" 0.197359153092418 1.47297559684609 0.140757616040504 0 1 1 1 39 0.860689138182915
"127" "TCRsig" "8:Salience" -0.0107780116277213 -0.153892931902662 0.877694157240155 0 1 1 1 39 0.951389083521354
"128" "TCRsig" "9:Cingulo_opercular" 0.236058655811347 1.27148784672726 0.203555148319729 0 1 1 1 39 0.860689138182915
"129" "TCRsig" "10:Somatomotor" -0.0638432647809367 -0.33476145272117 0.737805040641705 0 1 1 2 39 0.949908691732668
"130" "TCRsig" "11.5:Fronto_Parietal_2" -0.19970027714441 -1.14805295396634 0.2509467040349 0 1 1 1 39 0.860689138182915
"131" "TCRsig" "15:Medial_Parietal" 0.0268223128744746 0.1173788067229 0.906559877751117 0 1 1 1 39 0.954273555527491
"132" "TCRsig" "16:Parieto_Occipital" -0.174631742514766 -1.14385684821055 0.252683009315476 0 1 1 1 39 0.860689138182915
"133" "TGFb" "1:Default" -0.118191873074768 -0.743316707470853 0.457289958697163 0 1 1 1 39 0.918533513365918
"134" "TGFb" "2:Visual_2" 0.149588798491277 1.0698590986657 0.284682735983193 0 1 1 2 39 0.860689138182915
"135" "TGFb" "3:Fronto_Parietal" -0.0644438816902528 -0.395570142823394 0.692422166769488 0 1 1 1 39 0.949908691732668
"136" "TGFb" "4.5:Visual_1" 0.0933846304109828 0.585745206935522 0.558046749861826 0 1 1 1 39 0.921545091514942
"137" "TGFb" "5:Dorsal_Attention" 0.0244619956856511 -0.162706366452644 0.870749634088279 0 1 1 2 39 0.949908691732668
"138" "TGFb" "7:Ventral_Attention" -0.394088775873829 -2.87850838788091 0.00399560655157654 0 1 1 1 39 0.239736393094592
"139" "TGFb" "8:Salience" -0.128694767983788 -0.701512895454012 0.482982989809418 0 1 1 1 39 0.918533513365918
"140" "TGFb" "9:Cingulo_opercular" -0.248980183151497 -1.35274127062967 0.176138300793043 0 1 1 1 39 0.860689138182915
"141" "TGFb" "10:Somatomotor" 0.136793279811071 1.10848203745588 0.267653692454007 0 1 1 2 39 0.860689138182915
"142" "TGFb" "11.5:Fronto_Parietal_2" -0.0310618544236676 -0.281301500217042 0.778479159744836 0 1 1 1 39 0.949908691732668
"143" "TGFb" "15:Medial_Parietal" -0.33290867131647 -2.09891943422464 0.0358240033738001 0 1 1 1 39 0.644832060728402
"144" "TGFb" "16:Parieto_Occipital" 0.0118503220896689 0.129727139204044 0.89678231002267 0 1 1 1 39 0.951389083521354
"145" "TGFbR" "1:Default" -0.028480599753851 -0.177933129768845 0.858775492192179 0 1 1 1 39 0.949908691732668
"146" "TGFbR" "2:Visual_2" 0.0427431931625387 -0.480686526862003 0.630739308232933 0 1 1 2 39 0.949908691732668
"147" "TGFbR" "3:Fronto_Parietal" 0.281454517453091 1.80818664873302 0.0705774558720307 0 1 1 1 39 0.705330633236975
"148" "TGFbR" "4.5:Visual_1" -0.117166625109449 -0.736778414552989 0.461257111879908 0 1 1 1 39 0.918533513365918
"149" "TGFbR" "5:Dorsal_Attention" -0.174979925493892 -1.10986995111721 0.267055070716804 0 1 1 1 39 0.860689138182915
"150" "TGFbR" "7:Ventral_Attention" 0.419997519988262 3.04090674287782 0.00235866873227458 0 1 1 1 39 0.212280185904712
"151" "TGFbR" "8:Salience" -0.030984787527556 -0.260345322736608 0.794597415086279 0 1 1 1 39 0.949908691732668
"152" "TGFbR" "9:Cingulo_opercular" 0.388175175767138 2.37913108326168 0.017353503707619 0 1 1 1 39 0.52060511122857
"153" "TGFbR" "10:Somatomotor" 0.0608109528978622 -0.222433756235413 0.823976236262088 0 1 1 2 39 0.949908691732668
"154" "TGFbR" "11.5:Fronto_Parietal_2" -0.185810209625457 -1.08803345434586 0.276580338980685 0 1 1 1 39 0.860689138182915
"155" "TGFbR" "15:Medial_Parietal" 0.185275739694661 1.12319536708988 0.261354529790206 0 1 1 1 39 0.860689138182915
"156" "TGFbR" "16:Parieto_Occipital" -0.377735560992898 -2.56543365419841 0.0103046926202019 0 1 1 1 39 0.463711167909085
"157" "TNF" "1:Default" -0.187720286656743 -1.19352861453148 0.232662412479335 0 1 1 1 39 0.860689138182915
"158" "TNF" "2:Visual_2" -0.1090493192395 -0.702361837118603 0.482453538570306 0 1 1 2 39 0.918533513365918
"159" "TNF" "3:Fronto_Parietal" 0.209935033691829 1.30875784566953 0.190616390320644 0 1 1 1 39 0.860689138182915
"160" "TNF" "4.5:Visual_1" 0.0942128862184332 0.590986739684554 0.554529305808855 0 1 1 1 39 0.921545091514942
"161" "TNF" "5:Dorsal_Attention" -0.00462172310206883 0.319017577554641 0.749713183701828 0 1 1 2 39 0.949908691732668
"162" "TNF" "7:Ventral_Attention" 0.269875162253064 1.97802907950931 0.0479254262381241 0 1 1 1 39 0.705330633236975
"163" "TNF" "8:Salience" 0.245115671836346 1.43122268718437 0.152366403416198 0 1 1 1 39 0.860689138182915
"164" "TNF" "9:Cingulo_opercular" 0.18828531161397 0.945384655830866 0.344462532979164 0 1 1 1 39 0.877677132365532
"165" "TNF" "10:Somatomotor" -0.175958240601473 -0.855314918173368 0.392376830947188 0 1 1 2 39 0.918533513365918
"166" "TNF" "11.5:Fronto_Parietal_2" -0.167906615645509 -0.932514197429675 0.351070852946213 0 1 1 1 39 0.877677132365532
"167" "TNF" "15:Medial_Parietal" 0.282728942555884 1.73564287391636 0.08262700014221 0 1 1 1 39 0.705330633236975
"168" "TNF" "16:Parieto_Occipital" -0.0230419284274556 -0.202644235648922 0.839413112203763 0 1 1 1 39 0.949908691732668
"169" "TNFR" "1:Default" 0.0460953751336661 0.288171297189751 0.773215618792844 0 1 1 1 39 0.949908691732668
"170" "TNFR" "2:Visual_2" -0.0581583147339643 0.486342718757747 0.626724196055558 0 1 3 2 39 0.949908691732668
"171" "TNFR" "3:Fronto_Parietal" -0.178758217729188 -1.13175841104101 0.257736016902395 0 1 1 1 39 0.860689138182915
"172" "TNFR" "4.5:Visual_1" 0.0525776174169959 0.328801165027882 0.742305982434764 0 1 1 1 39 0.949908691732668
"173" "TNFR" "5:Dorsal_Attention" 0.244493158000191 2.31596241017122 0.0205603211894053 0 1 2 1 39 0.528693973441851
"174" "TNFR" "7:Ventral_Attention" -0.303406852570749 -1.98850774012894 0.0467555638297995 0 1 1 1 39 0.705330633236975
"175" "TNFR" "8:Salience" 0.168406377570946 1.02915568257267 0.303406523762595 0 1 1 1 39 0.860689138182915
"176" "TNFR" "9:Cingulo_opercular" -0.096884790251596 -0.665115858057166 0.505976392490648 0 1 1 1 39 0.918533513365918
"177" "TNFR" "10:Somatomotor" -0.162202526364973 -0.341594428320244 0.732656130808135 0 1 1 1 39 0.949908691732668
"178" "TNFR" "11.5:Fronto_Parietal_2" 0.0124303008144029 0.109163711007553 0.913072642672209 0 1 1 1 39 0.955151115630999
"179" "TNFR" "15:Medial_Parietal" 0.0668554386307909 0.400546691925391 0.688753900198326 0 1 1 1 39 0.949908691732668
"180" "TNFR" "16:Parieto_Occipital" 0.269500452626129 1.71885331052166 0.0856410855092573 0 1 1 1 39 0.705330633236975
