"xvar" "yvar" "cor.val" "t.arima" "arima.p" "t.drift" "drift.p" "AR" "MA" "nobs" "pval_bh"
"1" "almonds" "Abx" -0.240424860465338 -1.53136783106676 0.125678509889367 0 1 1 1 39 0.807933277860216
"2" "almonds" "Agprocess" -0.396978975714007 -2.65536789670325 0.00792219560342852 0 1 1 1 39 0.326790568641426
"3" "almonds" "BCRsig" -0.101788199814485 -0.346578271224643 0.728908172322547 0 1 1 1 39 0.947024058609727
"4" "almonds" "Cmkn" -0.246433219989102 -1.34449743103365 0.178787586594871 0 1 1 1 39 0.82040831536649
"5" "almonds" "CmknR" -0.195352222464805 -1.33921239485662 0.180501538465965 0 1 1 1 39 0.82040831536649
"6" "almonds" "IFN" 0.258735991874748 1.81232137444038 0.0699365537516191 0 1 1 1 39 0.613895159279885
"7" "almonds" "IFNR" -0.458728173951704 -3.11931308277993 0.00181273233712426 0 1 1 1 39 0.224325626719127
"8" "almonds" "IL" -0.290705542259903 -1.89739596783131 0.0577756974107485 0 1 1 1 39 0.577897223401042
"9" "almonds" "ILR" 0.262786885002121 1.62165696828273 0.104876817442931 0 1 1 1 39 0.734623647724695
"10" "almonds" "Nkcyto" -0.219313688510648 -1.39425751461191 0.16323985549502 0 1 1 1 39 0.82040831536649
"11" "almonds" "TCRsig" 0.383248997023994 2.59123878896674 0.00956311096384614 0 1 1 1 39 0.331559160666449
"12" "almonds" "TGFb" 0.0696800961517905 0.587019040320022 0.5571909190972 0 1 1 1 39 0.870061529820549
"13" "almonds" "TGFbR" 0.177200265520725 0.935876670276989 0.349336690246953 0 1 1 1 39 0.82040831536649
"14" "almonds" "TNF" -0.065927939615929 -0.543361557535107 0.586880888509294 0 1 1 1 39 0.880321332763941
"15" "almonds" "TNFR" -0.312732440208107 -1.99458052464358 0.0460886494294047 0 1 1 1 39 0.577897223401042
"16" "apples" "Abx" 0.177868039344288 1.13312748186274 0.257160722040688 0 1 1 1 39 0.82040831536649
"17" "apples" "Agprocess" 0.161833913248928 1.03073550639569 0.302664869407991 0 1 1 1 39 0.82040831536649
"18" "apples" "BCRsig" 0.047030615497183 0.140836848927403 0.887998831945225 0 1 1 1 39 0.973501252070122
"19" "apples" "Cmkn" 0.161244380335287 0.903918683968613 0.366038521115891 0 1 1 1 39 0.82040831536649
"20" "apples" "CmknR" -0.0365908137586045 -0.157304691418272 0.875004723074357 0 1 1 1 39 0.966802093575461
"21" "apples" "IFN" -0.201056977865731 -1.36543996841077 0.172114808985666 0 1 1 1 39 0.82040831536649
"22" "apples" "IFNR" 0.0407168948393084 0.250116325336019 0.802497391345171 0 1 1 1 39 0.958475408826615
"23" "apples" "IL" 0.189903354748692 1.04264605595893 0.297112250307394 0 1 1 1 39 0.82040831536649
"24" "apples" "ILR" -0.212908374913953 -1.33147429071397 0.183032998929374 0 1 1 1 39 0.82040831536649
"25" "apples" "Nkcyto" 0.0214497489721388 0.146637855631576 0.883417872174369 0 1 1 1 39 0.973501252070122
"26" "apples" "TCRsig" -0.0401045795492465 -0.127011470909884 0.898931319607641 0 1 1 1 39 0.976721326487659
"27" "apples" "TGFb" -0.161901108839357 -1.1034369240155 0.269837469214474 0 1 1 1 39 0.82040831536649
"28" "apples" "TGFbR" 0.210867572220555 1.41638014952171 0.156664232630539 0 1 1 1 39 0.82040831536649
"29" "apples" "TNF" 0.28364825176839 1.91092210928038 0.0560145913437862 0 1 1 1 39 0.577897223401042
"30" "apples" "TNFR" 0.0675634034740543 0.416714571317042 0.676887194976478 0 1 1 1 39 0.926560308013076
"31" "avocado" "Abx" 0.297011513819305 1.89288280132822 0.0583734569091962 0 1 1 1 39 0.577897223401042
"32" "avocado" "Agprocess" 0.19114105956657 1.17802935497139 0.238784903626739 0 1 1 1 39 0.82040831536649
"33" "avocado" "BCRsig" 0.394248120175732 2.83596583384699 0.00456873332614559 0 1 1 1 39 0.323074713777438
"34" "avocado" "Cmkn" 0.325322795123366 2.25351800865291 0.0242265065508119 0 1 1 1 39 0.545096397393268
"35" "avocado" "CmknR" 0.202231395943541 1.16566934918294 0.243748157216914 0 1 1 1 39 0.82040831536649
"36" "avocado" "IFN" 0.119077935628966 0.870142707458606 0.384222421012162 0 1 1 1 39 0.82040831536649
"37" "avocado" "IFNR" 0.236030953511165 1.49813967293693 0.134096965416741 0 1 1 1 39 0.811799765906713
"38" "avocado" "IL" 0.270436880014711 1.9027628146748 0.0570715013811218 0 1 1 1 39 0.577897223401042
"39" "avocado" "ILR" -0.177829704596655 -1.136803085618 0.255620613156064 0 1 1 1 39 0.82040831536649
"40" "avocado" "Nkcyto" 0.0811974875117394 0.482585431839919 0.629390125108519 0 1 1 1 39 0.910959391604435
"41" "avocado" "TCRsig" -0.377900041571536 -2.67789750214354 0.00740858858052667 0 1 1 1 39 0.326790568641426
"42" "avocado" "TGFb" 0.265003069415501 1.81628458805194 0.0693267281687762 0 1 1 1 39 0.613895159279885
"43" "avocado" "TGFbR" -0.151713028635102 -1.05588003532456 0.291023026433232 0 1 1 1 39 0.82040831536649
"44" "avocado" "TNF" 0.0997949066091446 0.505093144161556 0.613493416434201 0 1 1 1 39 0.899997254933469
"45" "avocado" "TNFR" -0.00674076006719616 -0.0373543705946878 0.97020245424771 0 1 1 1 39 0.987615356067955
"46" "bacon" "Abx" -0.186536325833735 -1.18857562806517 0.234606703153473 0 1 1 1 39 0.82040831536649
"47" "bacon" "Agprocess" -0.167155118817185 -1.06208541190117 0.288196912092311 0 1 1 1 39 0.82040831536649
"48" "bacon" "BCRsig" -0.23004003945597 -1.40181096704868 0.160971702634704 0 1 1 1 39 0.82040831536649
"49" "bacon" "Cmkn" -0.173530960556435 -1.06170620478162 0.288369081658245 0 1 1 1 39 0.82040831536649
"50" "bacon" "CmknR" -0.0865126585902804 -0.559465231430726 0.575844253440584 0 1 1 1 39 0.874055510559338
"51" "bacon" "IFN" 0.158312805468988 1.02101030538215 0.307249556252824 0 1 1 1 39 0.82040831536649
"52" "bacon" "IFNR" -0.13749966867341 -0.865662131014619 0.386675472721223 0 1 1 1 39 0.82040831536649
"53" "bacon" "IL" -0.175523102036803 -1.05653933166109 0.290721881302278 0 1 1 1 39 0.82040831536649
"54" "bacon" "ILR" 0.250651721972392 1.61006219035464 0.107384280228718 0 1 1 1 39 0.738266926572436
"55" "bacon" "Nkcyto" -0.205216102725162 -1.31254568891097 0.189336080827199 0 1 1 1 39 0.82040831536649
"56" "bacon" "TCRsig" 0.183476907553968 1.11466805373385 0.264992695658667 0 1 1 1 39 0.82040831536649
"57" "bacon" "TGFb" -0.163737194916945 -1.00169704551181 0.316489934065355 0 1 1 1 39 0.82040831536649
"58" "bacon" "TGFbR" 0.0341665431350437 0.188834315074143 0.850222676114831 0 1 1 1 39 0.958475408826615
"59" "bacon" "TNF" -0.278734511324007 -1.82597964316766 0.0678533282470364 0 1 1 1 39 0.613895159279885
"60" "bacon" "TNFR" -0.161913590715561 -1.02314081304913 0.306241272406028 0 1 1 1 39 0.82040831536649
"61" "beef" "Abx" 0.153772720521463 0.965154145505744 0.334467610291974 0 1 1 1 39 0.82040831536649
"62" "beef" "Agprocess" 0.22020691561025 1.40149780186779 0.161065264411299 0 1 1 1 39 0.82040831536649
"63" "beef" "BCRsig" 0.261989901240185 1.72597932852254 0.0843511316973832 0 1 1 1 39 0.677623981227729
"64" "beef" "Cmkn" 0.284669636323426 5.9107247531897 3.40605766020689e-09 0 1 3 1 39 1.68599854180241e-06
"65" "beef" "CmknR" 0.00209261036310468 -0.0152847754868668 0.987804988467504 0 1 1 1 39 0.98888824425941
"66" "beef" "IFN" -0.0433948409962894 -0.228110906377217 0.81956002153677 0 1 1 1 39 0.958475408826615
"67" "beef" "IFNR" 0.322051402564654 2.12261927625451 0.0337857683322661 0 1 1 1 39 0.577897223401042
"68" "beef" "IL" 0.30136711070384 4.50272207596236 6.70885922764868e-06 0 1 3 3 39 0.00166044265884305
"69" "beef" "ILR" -0.323267575775624 -2.13813874153914 0.032505484422652 0 1 1 1 39 0.577897223401042
"70" "beef" "Nkcyto" 0.166122832570994 1.04465845827841 0.296180850972251 0 1 1 1 39 0.82040831536649
"71" "beef" "TCRsig" -0.391225253491577 -2.67501387124184 0.00747261583028551 0 1 1 1 39 0.326790568641426
"72" "beef" "TGFb" 0.151203063065339 0.985571683426907 0.324343339114512 0 1 1 1 39 0.82040831536649
"73" "beef" "TGFbR" -0.084065182913454 -0.55717719747447 0.577406367581623 0 1 1 1 39 0.874055510559338
"74" "beef" "TNF" 0.0561012473190445 0.316110722751242 0.751918468165736 0 1 1 1 39 0.952270367210647
"75" "beef" "TNFR" 0.278165668883105 1.80745761428485 0.0706909577352595 0 1 1 1 39 0.613895159279885
"76" "beets" "Abx" 0.132016608088014 0.834991882260304 0.403722279013377 0 1 1 1 39 0.8293058433079
"77" "beets" "Agprocess" 0.119396263827905 0.758612187953812 0.448084579695098 0 1 1 1 39 0.849815582180358
"78" "beets" "BCRsig" -0.100431658265123 -0.86071405183574 0.389395551936983 0 1 1 1 39 0.82040831536649
"79" "beets" "Cmkn" -0.0668240420867984 -0.574078691969642 0.56591455173338 0 1 1 1 39 0.87235483265967
"80" "beets" "CmknR" 0.0732766134285494 0.566374291902257 0.571139367071456 0 1 1 1 39 0.87235483265967
"81" "beets" "IFN" 0.0934323488595628 0.397302057134184 0.691144730587943 0 1 1 1 39 0.93282477451733
"82" "beets" "IFNR" 0.108823808023777 0.663988329553077 0.506697780557682 0 1 1 1 39 0.864115294648479
"83" "beets" "IL" -0.110902489434978 -0.902397851423966 0.366845562050959 0 1 1 1 39 0.82040831536649
"84" "beets" "ILR" -0.271321339529126 -2.59984651289129 0.00932654650086066 0 1 2 2 39 0.331559160666449
"85" "beets" "Nkcyto" 0.0692569975087076 0.447566905477948 0.654465791984436 0 1 1 1 39 0.918670108084816
"86" "beets" "TCRsig" 0.0193660331929802 0.32178918212879 0.747612410184767 0 1 1 1 39 0.952270367210647
"87" "beets" "TGFb" -0.168344122913722 -1.19767045334881 0.231045336318533 0 1 1 1 39 0.82040831536649
"88" "beets" "TGFbR" 0.0624299102276494 0.521967080116532 0.601693251551554 0 1 1 1 39 0.893870298439946
"89" "beets" "TNF" 0.0508211024834535 0.445156615070808 0.656206577198935 0 1 1 1 39 0.918670108084816
"90" "beets" "TNFR" 0.230309034486871 1.43785486057314 0.150475239626938 0 1 1 1 39 0.82040831536649
"91" "blackberries" "Abx" 0.420394704691751 2.87706555896486 0.00401392193511458 0 1 1 1 39 0.323074713777438
"92" "blackberries" "Agprocess" 0.283168575387233 3.301899455966 0.000960324867416656 0 1 1 2 39 0.158453603123748
"93" "blackberries" "BCRsig" 0.139409212637332 0.939556575204997 0.34744505954177 0 1 1 1 39 0.82040831536649
"94" "blackberries" "Cmkn" 0.14794305468262 0.977080533610304 0.3285292841509 0 1 1 1 39 0.82040831536649
"95" "blackberries" "CmknR" 0.150299945754702 0.906164979995537 0.364848535880311 0 1 1 1 39 0.82040831536649
"96" "blackberries" "IFN" 0.159382463514631 1.05110358977508 0.293211015555956 0 1 1 1 39 0.82040831536649
"97" "blackberries" "IFNR" 0.208110199074202 2.07157391876343 0.03830519430603 0 1 2 1 39 0.577897223401042
"98" "blackberries" "IL" 0.0906442321976526 0.628450961231301 0.529708561840855 0 1 1 1 39 0.865922677158152
"99" "blackberries" "ILR" -0.295023610084937 -1.93379449066062 0.0531384004496956 0 1 1 1 39 0.577897223401042
"100" "blackberries" "Nkcyto" 0.0869945180676025 0.536879540836264 0.591350824033793 0 1 1 1 39 0.884346398479539
"101" "blackberries" "TCRsig" -0.0660216141604888 -0.470049585956415 0.638319591259126 0 1 1 1 39 0.918597324259495
"102" "blackberries" "TGFb" -0.18695785120817 -1.12744648299965 0.259553755432317 0 1 1 1 39 0.82040831536649
"103" "blackberries" "TGFbR" 0.231166829551247 1.42497102836332 0.154165575961918 0 1 1 1 39 0.82040831536649
"104" "blackberries" "TNF" 0.192232424738235 1.1703904304811 0.241843884926423 0 1 1 1 39 0.82040831536649
"105" "blackberries" "TNFR" -0.0256173858209305 -0.158114276572634 0.874366751044895 0 1 1 1 39 0.966802093575461
"106" "blueberries" "Abx" 0.150833789534537 0.931284827324821 0.351706248354809 0 1 1 1 39 0.82040831536649
"107" "blueberries" "Agprocess" 0.139253429422859 0.855732035445122 0.392146016103829 0 1 1 1 39 0.82040831536649
"108" "blueberries" "BCRsig" -0.0643307654753272 -0.238988000189574 0.811114887634254 0 1 1 1 39 0.958475408826615
"109" "blueberries" "Cmkn" 0.0322071490138601 0.299590893083373 0.764489231550305 0 1 1 1 39 0.957071920277499
"110" "blueberries" "CmknR" 0.126315737635608 0.711887327273941 0.47653455020928 0 1 1 1 39 0.864115294648479
"111" "blueberries" "IFN" 0.10732645537685 0.767742228954295 0.44264034248469 0 1 1 1 39 0.845972855327882
"112" "blueberries" "IFNR" 0.160240312998531 1.00805941610118 0.313425939198539 0 1 1 1 39 0.82040831536649
"113" "blueberries" "IL" 0.0244236142852729 0.286606912940744 0.774413320648606 0 1 1 1 39 0.958475408826615
"114" "blueberries" "ILR" -0.0775946408940963 -0.500188514978024 0.616942344533718 0 1 1 1 39 0.900845016354544
"115" "blueberries" "Nkcyto" 0.237912948949377 1.50070428656116 0.133432063879629 0 1 1 1 39 0.811799765906713
"116" "blueberries" "TCRsig" -0.0107322602182936 -0.189972977661345 0.849330305612046 0 1 1 1 39 0.958475408826615
"117" "blueberries" "TGFb" -0.119521101175747 -0.644051281537677 0.519542180662696 0 1 1 1 39 0.864115294648479
"118" "blueberries" "TGFbR" -0.0344271898336241 -0.298059782364183 0.765657536221999 0 1 1 1 39 0.957071920277499
"119" "blueberries" "TNF" -0.0254660735979874 -0.239269069279697 0.810896948041348 0 1 1 1 39 0.958475408826615
"120" "blueberries" "TNFR" 0.15173496808769 0.953998864857459 0.340084216975089 0 1 1 1 39 0.82040831536649
"121" "brussels_sprouts" "Abx" 0.262189223547429 1.68446273059685 0.0920922763042946 0 1 1 1 39 0.700586709424637
"122" "brussels_sprouts" "Agprocess" 0.100777777526181 0.643014233371417 0.520214864253024 0 1 1 1 39 0.864115294648479
"123" "brussels_sprouts" "BCRsig" 0.187849791222738 0.908572648846634 0.363575749471671 0 1 1 1 39 0.82040831536649
"124" "brussels_sprouts" "Cmkn" 0.28624926605403 1.64001034390567 0.101003016238922 0 1 1 1 39 0.734623647724695
"125" "brussels_sprouts" "CmknR" 0.238995194942587 1.61935798817522 0.105370260582734 0 1 1 1 39 0.734623647724695
"126" "brussels_sprouts" "IFN" -0.0267284151727023 -0.318543377425377 0.750072796390952 0 1 1 1 39 0.952270367210647
"127" "brussels_sprouts" "IFNR" 0.183923322220053 1.14177842797031 0.253546131282076 0 1 1 1 39 0.82040831536649
"128" "brussels_sprouts" "IL" 0.215102841346022 1.1073197651319 0.268155701793737 0 1 1 1 39 0.82040831536649
"129" "brussels_sprouts" "ILR" -0.0279495942571867 -0.143899593718808 0.885579756514448 0 1 1 1 39 0.973501252070122
"130" "brussels_sprouts" "Nkcyto" 0.139475147221118 0.885012998432211 0.37614962079037 0 1 1 1 39 0.82040831536649
"131" "brussels_sprouts" "TCRsig" -0.0374886924984063 -0.038714615605343 0.969117920577615 0 1 1 1 39 0.987615356067955
"132" "brussels_sprouts" "TGFb" -0.335777300702297 -2.33380927361124 0.019605711006178 0 1 1 1 39 0.510780365687269
"133" "brussels_sprouts" "TGFbR" 0.271911359193336 1.86431773294188 0.0622770980089479 0 1 1 1 39 0.581644594611872
"134" "brussels_sprouts" "TNF" 0.131609410672215 0.93707824094786 0.348718313125745 0 1 1 1 39 0.82040831536649
"135" "brussels_sprouts" "TNFR" 0.0600203564539896 0.363624608968428 0.716138347706402 0 1 1 1 39 0.940287750967292
"136" "carrots" "Abx" -0.00798169761602069 -0.0325266361911028 0.974052074655516 0 1 1 1 39 0.987615356067955
"137" "carrots" "Agprocess" -0.148849007319408 -0.908000008039916 0.363878217407179 0 1 1 1 39 0.82040831536649
"138" "carrots" "BCRsig" -0.0041292792602929 -0.218882020705313 0.826741952285796 0 1 1 1 39 0.958475408826615
"139" "carrots" "Cmkn" -0.113125957136267 -0.827641200639609 0.407873727898564 0 1 1 1 39 0.8293058433079
"140" "carrots" "CmknR" 0.0786591533782327 0.576724387243425 0.564125655356329 0 1 1 1 39 0.87235483265967
"141" "carrots" "IFN" 0.231311378016824 1.31065746969544 0.189973513622814 0 1 1 1 39 0.82040831536649
"142" "carrots" "IFNR" -0.0418638081547125 -0.261533231911468 0.79368132566243 0 1 1 1 39 0.958475408826615
"143" "carrots" "IL" -0.147960435636485 -1.08900667305251 0.276150943001054 0 1 1 1 39 0.82040831536649
"144" "carrots" "ILR" -0.0756269686026489 -0.444075056454023 0.656988319721262 0 1 1 1 39 0.918670108084816
"145" "carrots" "Nkcyto" -0.147975538766673 -0.902872057084966 0.366593802409942 0 1 1 1 39 0.82040831536649
"146" "carrots" "TCRsig" 0.025819946654643 0.315645775785817 0.75227138853593 0 1 1 1 39 0.952270367210647
"147" "carrots" "TGFb" 0.0535130041197027 0.207378306847888 0.835714422980061 0 1 1 1 39 0.958475408826615
"148" "carrots" "TGFbR" -0.0371380312227018 -0.118480369757628 0.905687048197647 0 1 1 1 39 0.976721326487659
"149" "carrots" "TNF" -0.0278426181543824 -0.066069949937444 0.947322135035838 0 1 1 1 39 0.987615356067955
"150" "carrots" "TNFR" 0.0512278743047114 0.312059593779841 0.754995233682584 0 1 1 1 39 0.952270367210647
"151" "cashews" "Abx" -0.00749666037166734 -0.0585726185362001 0.95329252047023 0 1 1 1 39 0.987615356067955
"152" "cashews" "Agprocess" 0.00955690835650358 0.04575899266963 0.963502343660282 0 1 1 1 39 0.987615356067955
"153" "cashews" "BCRsig" -0.152088052578558 -0.791416746413709 0.428700840836321 0 1 1 1 39 0.834101068229304
"154" "cashews" "Cmkn" 0.117448370027643 0.82307647058629 0.41046450830391 0 1 1 1 39 0.8293058433079
"155" "cashews" "CmknR" -0.17664103282488 -1.17778823763765 0.238881039040645 0 1 1 1 39 0.82040831536649
"156" "cashews" "IFN" 0.0412924616815236 0.349367056841956 0.726813761856019 0 1 1 1 39 0.947024058609727
"157" "cashews" "IFNR" 0.0444863563797939 0.278573390862163 0.780572235631391 0 1 1 1 39 0.958475408826615
"158" "cashews" "IL" 0.0726180271372891 0.572717693651631 0.566835855328741 0 1 1 1 39 0.87235483265967
"159" "cashews" "ILR" 0.0907489161896268 0.548083526695951 0.583634551274233 0 1 1 1 39 0.878112774713512
"160" "cashews" "Nkcyto" -0.0722950942361696 -0.462763960961742 0.643533566180261 0 1 1 1 39 0.918597324259495
"161" "cashews" "TCRsig" -0.0949218524810301 -0.700480807096672 0.483627087167604 0 1 1 1 39 0.864115294648479
"162" "cashews" "TGFb" 0.0898986143501878 0.644160767912759 0.519471188287863 0 1 1 1 39 0.864115294648479
"163" "cashews" "TGFbR" -0.0993907922583091 -0.696216207206256 0.486293439323799 0 1 1 1 39 0.864115294648479
"164" "cashews" "TNF" 0.00902007135343528 -0.0202396533814585 0.983852195532501 0 1 1 1 39 0.987843482329793
"165" "cashews" "TNFR" 0.197288039586131 1.2508251322269 0.210998283465553 0 1 1 1 39 0.82040831536649
"166" "cheese" "Abx" -0.143429146889651 -0.903956025064695 0.36601871973319 0 1 1 1 39 0.82040831536649
"167" "cheese" "Agprocess" -0.219741494272357 -1.40524305442771 0.159949015376441 0 1 1 1 39 0.82040831536649
"168" "cheese" "BCRsig" -0.290049638779198 -1.8665507106078 0.0619643561887253 0 1 1 1 39 0.581644594611872
"169" "cheese" "Cmkn" -0.150252602273714 -0.948506468572107 0.342871681337645 0 1 1 1 39 0.82040831536649
"170" "cheese" "CmknR" 0.178917757479511 1.13611580901933 0.255908099524432 0 1 1 1 39 0.82040831536649
"171" "cheese" "IFN" 0.122279215107232 0.755389681578674 0.450015202580021 0 1 1 1 39 0.850219562126376
"172" "cheese" "IFNR" -0.0879898315662471 -0.551795121161121 0.581088730312617 0 1 1 1 39 0.876947931416907
"173" "cheese" "IL" -0.09689251220738 -0.608497230078202 0.542857742521231 0 1 1 1 39 0.86683468384338
"174" "cheese" "ILR" 0.0976055171976293 0.613577133330005 0.539494797880462 0 1 1 1 39 0.86683468384338
"175" "cheese" "Nkcyto" -0.0446958680063234 -0.278335483192405 0.780754840177544 0 1 1 1 39 0.958475408826615
"176" "cheese" "TCRsig" 0.313012073990649 2.04022107884262 0.0413283112054602 0 1 1 1 39 0.577897223401042
"177" "cheese" "TGFb" -0.188724792782141 -1.19829257556972 0.230803135945828 0 1 1 1 39 0.82040831536649
"178" "cheese" "TGFbR" 0.148979158811554 0.941458569081093 0.3464699113932 0 1 1 1 39 0.82040831536649
"179" "cheese" "TNF" 0.0254539765700295 0.163951412200432 0.869769393563616 0 1 1 1 39 0.966802093575461
"180" "cheese" "TNFR" -0.0748094043418085 -0.46869918084944 0.639284672550805 0 1 1 1 39 0.918597324259495
"181" "chocolate" "Abx" -0.13050714557708 -0.827999508630945 0.407670778170485 0 1 1 1 39 0.8293058433079
"182" "chocolate" "Agprocess" -0.115900796933506 -0.736073730291954 0.461685828783889 0 1 1 1 39 0.857926721334217
"183" "chocolate" "BCRsig" -0.184402265526253 -1.03381202532968 0.301224048752432 0 1 1 1 39 0.82040831536649
"184" "chocolate" "Cmkn" -0.129628183928959 -0.734308934346708 0.46276047393179 0 1 1 1 39 0.857926721334217
"185" "chocolate" "CmknR" 0.0401543920125964 0.198864605916413 0.842368656881118 0 1 1 1 39 0.958475408826615
"186" "chocolate" "IFN" 0.131033828053935 0.888551262615767 0.374244294022279 0 1 1 1 39 0.82040831536649
"187" "chocolate" "IFNR" 0.0394169185821254 0.247195130513358 0.804757213678666 0 1 1 1 39 0.958475408826615
"188" "chocolate" "IL" -0.12896000781502 -0.699009552508168 0.484546061066528 0 1 1 1 39 0.864115294648479
"189" "chocolate" "ILR" 0.00981415188377236 0.0484749228975791 0.961337749569508 0 1 1 1 39 0.987615356067955
"190" "chocolate" "Nkcyto" 0.164077334553987 1.02403725630105 0.305817678009912 0 1 1 1 39 0.82040831536649
"191" "chocolate" "TCRsig" 0.151859482062291 0.854547762561303 0.392801557054259 0 1 1 1 39 0.82040831536649
"192" "chocolate" "TGFb" 0.00797210228375985 0.114907328949445 0.908518575915586 0 1 1 1 39 0.977595775789509
"193" "chocolate" "TGFbR" -0.0981407134734317 -0.670331921314506 0.502646222420399 0 1 1 1 39 0.864115294648479
"194" "chocolate" "TNF" -0.158215165951495 -1.05059148153766 0.293446255111636 0 1 1 1 39 0.82040831536649
"195" "chocolate" "TNFR" 0.179211383121403 1.13529714726608 0.256250837094351 0 1 1 1 39 0.82040831536649
"196" "eggs" "Abx" -0.191291382227597 -1.21951650821261 0.222648214076019 0 1 1 1 39 0.82040831536649
"197" "eggs" "Agprocess" -0.158087008364589 -1.00265224109708 0.316028680575909 0 1 1 1 39 0.82040831536649
"198" "eggs" "BCRsig" -0.351849766545143 -2.25539927795957 0.0241082780318162 0 1 1 1 39 0.545096397393268
"199" "eggs" "Cmkn" -0.229059716988365 -1.4315287508178 0.152278733092336 0 1 1 1 39 0.82040831536649
"200" "eggs" "CmknR" -0.0923087153989656 -0.592712980765414 0.553373252716178 0 1 1 1 39 0.86683468384338
"201" "eggs" "IFN" 0.198939257553909 1.28067100487215 0.200309248276439 0 1 1 1 39 0.82040831536649
"202" "eggs" "IFNR" -0.128671022646524 -0.809341583162436 0.418318693682779 0 1 1 1 39 0.83159740310432
"203" "eggs" "IL" -0.171145284766605 -1.0352652731187 0.300545042911114 0 1 1 1 39 0.82040831536649
"204" "eggs" "ILR" 0.133122535352993 0.83406238393667 0.404245830759629 0 1 1 1 39 0.8293058433079
"205" "eggs" "Nkcyto" -0.323775571998752 -2.13952907299121 0.0323928439434975 0 1 1 1 39 0.577897223401042
"206" "eggs" "TCRsig" 0.224275175506766 1.38783414915196 0.165187553562149 0 1 1 1 39 0.82040831536649
"207" "eggs" "TGFb" -0.240493405478035 -1.51176061187764 0.130594772932732 0 1 1 1 39 0.811799765906713
"208" "eggs" "TGFbR" 0.109580341758734 0.664466801532543 0.506391590147882 0 1 1 1 39 0.864115294648479
"209" "eggs" "TNF" -0.178800037486078 -1.14755944988415 0.251150477771245 0 1 1 1 39 0.82040831536649
"210" "eggs" "TNFR" -0.00842208573849801 -0.0518618469743649 0.958638775046197 0 1 1 1 39 0.987615356067955
"211" "guacamole" "Abx" -0.0737389631842645 -0.461822332612922 0.644208734352628 0 1 1 1 39 0.918597324259495
"212" "guacamole" "Agprocess" -0.0968252430211766 -0.607568302596489 0.543473829022247 0 1 1 1 39 0.86683468384338
"213" "guacamole" "BCRsig" 0.204718591136078 1.28243021463297 0.199691770711862 0 1 1 1 39 0.82040831536649
"214" "guacamole" "Cmkn" 0.0535453592062377 0.333121978854665 0.739042209252492 0 1 1 1 39 0.952270367210647
"215" "guacamole" "CmknR" -0.138055628231077 -0.867568717794951 0.385630477742709 0 1 1 1 39 0.82040831536649
"216" "guacamole" "IFN" 0.0384973576506112 0.239578896744237 0.810656726329011 0 1 1 1 39 0.958475408826615
"217" "guacamole" "IFNR" -0.00486994975897684 -0.0303873471647645 0.975758135696899 0 1 1 1 39 0.987615356067955
"218" "guacamole" "IL" 0.105984090554455 0.656846610385835 0.511279550431696 0 1 1 1 39 0.864115294648479
"219" "guacamole" "ILR" 0.0586666575398618 0.366730096164303 0.713820354858033 0 1 1 1 39 0.940287750967292
"220" "guacamole" "Nkcyto" -0.0266161761013214 -0.166390321625422 0.867849790012257 0 1 1 1 39 0.966802093575461
"221" "guacamole" "TCRsig" -0.181315359406402 -2.43324809812701 0.0149640436221844 0 1 3 1 39 0.411511199610071
"222" "guacamole" "TGFb" 0.144826559262321 0.908404594081643 0.363664499413051 0 1 1 1 39 0.82040831536649
"223" "guacamole" "TGFbR" -0.0956448744180034 -0.597365685315336 0.550263258597884 0 1 1 1 39 0.86683468384338
"224" "guacamole" "TNF" -0.143629047103706 -0.902217888019838 0.366941134292843 0 1 1 1 39 0.82040831536649
"225" "guacamole" "TNFR" -0.109664539266943 -0.688971389836712 0.490841272034796 0 1 1 1 39 0.864115294648479
"226" "kale" "Abx" -0.00320603825623895 -0.0315944892343496 0.974795438151503 0 1 1 1 39 0.987615356067955
"227" "kale" "Agprocess" 0.0687363353786016 0.414231812022353 0.678704346192497 0 1 1 1 39 0.926560308013076
"228" "kale" "BCRsig" -0.0888165124080506 -0.405511526641878 0.6851015473976 0 1 1 1 39 0.931662818576407
"229" "kale" "Cmkn" -0.00888374944822435 0.035990496867708 0.971289936447528 0 1 1 1 39 0.987615356067955
"230" "kale" "CmknR" 0.147877626435695 1.78458216499703 0.0743291164398682 0 1 1 2 39 0.634360562719565
"231" "kale" "IFN" -0.0767005178029969 -0.38067066133616 0.703447641507514 0 1 1 1 39 0.938562217105713
"232" "kale" "IFNR" 0.20712588790465 1.31569677639998 0.188275836616647 0 1 1 1 39 0.82040831536649
"233" "kale" "IL" 0.0512035354267335 0.43674707554273 0.662294784850198 0 1 1 1 39 0.92058926779657
"234" "kale" "ILR" 0.0251133446478234 0.13965260299869 0.888934476637768 0 1 1 1 39 0.973501252070122
"235" "kale" "Nkcyto" 0.12549955889456 0.771564747178913 0.440372260395213 0 1 1 1 39 0.844900267037327
"236" "kale" "TCRsig" -0.126790215098265 -0.897183985493799 0.36962074919716 0 1 1 1 39 0.82040831536649
"237" "kale" "TGFb" 0.0546408143248069 0.422026174980459 0.673005912161335 0 1 1 1 39 0.926560308013076
"238" "kale" "TGFbR" -0.184904875240496 -1.24098651447437 0.214610730687158 0 1 1 1 39 0.82040831536649
"239" "kale" "TNF" -0.0183657434850908 -0.186925608517707 0.851718960379464 0 1 1 1 39 0.958475408826615
"240" "kale" "TNFR" -0.0142921380922173 -0.085849931619862 0.931585713269587 0 1 1 1 39 0.985113066123363
"241" "lamb" "Abx" -0.0695020060514553 -0.414826157230836 0.678269169644926 0 1 1 1 39 0.926560308013076
"242" "lamb" "Agprocess" -0.0991848693777772 -0.598119344044758 0.549760303837096 0 1 1 1 39 0.86683468384338
"243" "lamb" "BCRsig" 0.238214049194889 1.2930994911395 0.195976651123276 0 1 1 1 39 0.82040831536649
"244" "lamb" "Cmkn" 0.237071705068903 1.36539882860462 0.172127731870437 0 1 1 1 39 0.82040831536649
"245" "lamb" "CmknR" -0.112223332850778 -0.609218446675948 0.542379654813244 0 1 1 1 39 0.86683468384338
"246" "lamb" "IFN" -0.0601428387251636 -0.489718288771331 0.6243332584267 0 1 1 1 39 0.90629021384521
"247" "lamb" "IFNR" 0.136501985143654 0.847696102395371 0.396607237555249 0 1 1 1 39 0.824876397436337
"248" "lamb" "IL" 0.215906810757914 1.73692058736183 0.0824011889880178 0 1 2 1 39 0.677623981227729
"249" "lamb" "ILR" 0.0983482625462347 0.631520424032873 0.527700299206623 0 1 1 1 39 0.865922677158152
"250" "lamb" "Nkcyto" -0.0313767774404338 -0.177130125647864 0.859406179208825 0 1 1 1 39 0.964639588907865
"251" "lamb" "TCRsig" -0.271856875991488 -2.77924882054818 0.00544847725968285 0 1 2 1 39 0.325294825355941
"252" "lamb" "TGFb" 0.242270324655557 1.41007713683329 0.158516907412045 0 1 1 1 39 0.82040831536649
"253" "lamb" "TGFbR" -0.334436549724113 -2.05659517558146 0.0397251826921229 0 1 1 1 39 0.577897223401042
"254" "lamb" "TNF" -0.187810890924484 -1.07329750816041 0.283137652878262 0 1 1 1 39 0.82040831536649
"255" "lamb" "TNFR" -0.0661568421791256 -0.413176151997742 0.679477559209589 0 1 1 1 39 0.926560308013076
"256" "lettuce" "Abx" 0.108898423527121 0.688419337828033 0.491188749650975 0 1 1 1 39 0.864115294648479
"257" "lettuce" "Agprocess" 0.060905621425859 0.386304100628108 0.699271463917083 0 1 1 1 39 0.938047085742428
"258" "lettuce" "BCRsig" 0.38850861606832 2.49671380641496 0.0125350077420708 0 1 1 1 39 0.364989931313238
"259" "lettuce" "Cmkn" 0.151010189624238 0.903606942768999 0.366203858541659 0 1 1 1 39 0.82040831536649
"260" "lettuce" "CmknR" -0.0180119232825837 -0.0836059280245995 0.933369753559308 0 1 1 1 39 0.985113066123363
"261" "lettuce" "IFN" 0.133871993996399 0.793867052310025 0.427272832307513 0 1 1 1 39 0.834101068229304
"262" "lettuce" "IFNR" 0.163695473762151 1.99902771858896 0.0456053548508847 0 1 1 2 39 0.577897223401042
"263" "lettuce" "IL" 0.171634945547411 1.01347299276869 0.310834289791463 0 1 1 1 39 0.82040831536649
"264" "lettuce" "ILR" -0.260975521650563 -1.67766988665861 0.0934115612566183 0 1 1 1 39 0.700586709424637
"265" "lettuce" "Nkcyto" 0.0325582948397461 0.208782403825651 0.834618108340381 0 1 1 1 39 0.958475408826615
"266" "lettuce" "TCRsig" -0.214632134217687 -1.30067241195249 0.193370609306977 0 1 1 1 39 0.82040831536649
"267" "lettuce" "TGFb" 0.172317175846726 1.04429863038946 0.296347246352309 0 1 1 1 39 0.82040831536649
"268" "lettuce" "TGFbR" -0.088991799311504 -0.519895048628658 0.603136726624125 0 1 1 1 39 0.893870298439946
"269" "lettuce" "TNF" 0.0223887064757495 0.171281683028295 0.864002282453669 0 1 1 1 39 0.965420157594957
"270" "lettuce" "TNFR" -0.0638041112005428 -0.400018729630435 0.689142721703772 0 1 1 1 39 0.93282477451733
"271" "olives" "Abx" -0.0599639153623321 -0.357381604327842 0.720806146307447 0 1 1 1 39 0.943912810640704
"272" "olives" "Agprocess" 0.226077465074482 1.45178170456105 0.146562312573506 0 1 1 1 39 0.82040831536649
"273" "olives" "BCRsig" -0.0976845584437947 -0.762720040016015 0.445630376457196 0 1 1 1 39 0.848411678255046
"274" "olives" "Cmkn" 0.0770684412052218 0.364269199412823 0.715656997491352 0 1 1 1 39 0.940287750967292
"275" "olives" "CmknR" -0.0552047023882346 -0.262866400739639 0.792653554135238 0 1 1 1 39 0.958475408826615
"276" "olives" "IFN" 0.0579017511202908 0.244641647567135 0.806733913611382 0 1 1 1 39 0.958475408826615
"277" "olives" "IFNR" 0.139948204853432 0.87129760345194 0.383591678693594 0 1 1 1 39 0.82040831536649
"278" "olives" "IL" 0.0927014633845738 0.417860733802222 0.676048942967892 0 1 1 1 39 0.926560308013076
"279" "olives" "ILR" -0.106647709611896 -0.643496690238468 0.519901861693103 0 1 1 1 39 0.864115294648479
"280" "olives" "Nkcyto" 0.0803614507066187 0.51419584607865 0.607115071689173 0 1 1 1 39 0.897080479063106
"281" "olives" "TCRsig" -0.149671423025605 -0.786843506301767 0.431373481750913 0 1 1 1 39 0.834101068229304
"282" "olives" "TGFb" -0.0224148216675235 -0.239583894245557 0.810652851711016 0 1 1 1 39 0.958475408826615
"283" "olives" "TGFbR" -0.145994014140511 -0.812319992187798 0.416608041807537 0 1 1 1 39 0.831536212478753
"284" "olives" "TNF" -0.00835459790431593 0.037135944326108 0.970376612356619 0 1 1 1 39 0.987615356067955
"285" "olives" "TNFR" 0.297386253935088 1.92118524036712 0.054708358247648 0 1 1 1 39 0.577897223401042
"286" "onions" "Abx" -0.0307411946440221 -0.193367312493898 0.846671313146005 0 1 1 1 39 0.958475408826615
"287" "onions" "Agprocess" 0.111214025611515 0.697161582786094 0.485701678104639 0 1 1 1 39 0.864115294648479
"288" "onions" "BCRsig" 0.110251623456635 0.695521307398592 0.486728662804029 0 1 1 1 39 0.864115294648479
"289" "onions" "Cmkn" 0.128835391385212 0.815143073809661 0.414990418313341 0 1 1 1 39 0.831536212478753
"290" "onions" "CmknR" -0.197621583858753 -1.26128171759471 0.207207365736487 0 1 1 1 39 0.82040831536649
"291" "onions" "IFN" -0.204517533856476 -1.28202497852934 0.199833884024572 0 1 1 1 39 0.82040831536649
"292" "onions" "IFNR" 0.0354730893072269 0.221914983970126 0.824380065820163 0 1 1 1 39 0.958475408826615
"293" "onions" "IL" 0.191384265175924 1.21339344261401 0.224979432195737 0 1 1 1 39 0.82040831536649
"294" "onions" "ILR" -0.0914397677747484 -0.575115265607396 0.565213344304631 0 1 1 1 39 0.87235483265967
"295" "onions" "Nkcyto" -0.135392213787741 -0.854669875558463 0.39273393208026 0 1 1 1 39 0.82040831536649
"296" "onions" "TCRsig" -0.189498045366507 -1.2031620874614 0.228913602912996 0 1 1 1 39 0.82040831536649
"297" "onions" "TGFb" 0.0579654510931256 0.369696539957065 0.711608610147555 0 1 1 1 39 0.940287750967292
"298" "onions" "TGFbR" 0.0342834887559162 0.204172672617235 0.838218565628652 0 1 1 1 39 0.958475408826615
"299" "onions" "TNF" 0.0327931088669046 0.195363257384178 0.845108578721485 0 1 1 1 39 0.958475408826615
"300" "onions" "TNFR" -0.117895097979536 -0.741023563795143 0.458679153018472 0 1 1 1 39 0.857926721334217
"301" "pork" "Abx" -0.19102954525222 -1.21210298864229 0.225472959859853 0 1 1 1 39 0.82040831536649
"302" "pork" "Agprocess" -0.165315125280292 -1.04330942506849 0.296805007319212 0 1 1 1 39 0.82040831536649
"303" "pork" "BCRsig" 0.220431454731945 1.3515077367477 0.176532843254019 0 1 1 1 39 0.82040831536649
"304" "pork" "Cmkn" -0.0413057992373149 -0.275791092519768 0.782708525632178 0 1 1 1 39 0.958475408826615
"305" "pork" "CmknR" -0.187653428817468 -1.9825069099571 0.0474225347810609 0 1 1 2 39 0.577897223401042
"306" "pork" "IFN" 0.0384895452603465 0.218368866630333 0.827141721028135 0 1 1 1 39 0.958475408826615
"307" "pork" "IFNR" -0.0973691347385999 -0.611293578209684 0.541005241614037 0 1 1 1 39 0.86683468384338
"308" "pork" "IL" -0.037241770758707 -0.255973536600815 0.797971271447074 0 1 1 1 39 0.958475408826615
"309" "pork" "ILR" -0.102326124944022 -0.638452398552862 0.523179231079009 0 1 1 1 39 0.865922677158152
"310" "pork" "Nkcyto" -0.381721787283063 -2.57419897799318 0.0100472472929227 0 1 1 1 39 0.331559160666449
"311" "pork" "TCRsig" -0.0600441908909886 -0.346560469504716 0.728921548142032 0 1 1 1 39 0.947024058609727
"312" "pork" "TGFb" 0.297644808080155 1.91014403919661 0.0561146700563901 0 1 1 1 39 0.577897223401042
"313" "pork" "TGFbR" -0.00493564821801545 -0.0139269707607156 0.98888824425941 0 1 1 1 39 0.98888824425941
"314" "pork" "TNF" -0.0985487935214166 -0.598650044114928 0.549406276709854 0 1 1 1 39 0.86683468384338
"315" "pork" "TNFR" -0.103535077851234 -0.650489494464918 0.51537608555499 0 1 1 1 39 0.864115294648479
"316" "radishes" "Abx" -0.128468362052872 -0.773956107931624 0.438956747736165 0 1 1 1 39 0.844900267037327
"317" "radishes" "Agprocess" -0.131005200708681 -0.787498623002223 0.430990034184957 0 1 1 1 39 0.834101068229304
"318" "radishes" "BCRsig" -0.293537880054286 -2.10374996468444 0.0354002634942793 0 1 1 1 39 0.577897223401042
"319" "radishes" "Cmkn" -0.155403595464722 -1.11365525843078 0.265427110517537 0 1 1 1 39 0.82040831536649
"320" "radishes" "CmknR" 0.033448151001628 0.311957207096032 0.755073045295725 0 1 1 1 39 0.952270367210647
"321" "radishes" "IFN" 0.18470412400548 0.981514341730624 0.326339165515645 0 1 1 1 39 0.82040831536649
"322" "radishes" "IFNR" -0.131084447668601 -0.81447660163332 0.415371971210994 0 1 1 1 39 0.831536212478753
"323" "radishes" "IL" -0.200044388123467 -1.45061527656803 0.14688701902273 0 1 1 1 39 0.82040831536649
"324" "radishes" "ILR" 0.102910025067732 0.66148624336427 0.508300533925343 0 1 1 1 39 0.864115294648479
"325" "radishes" "Nkcyto" -0.023698646347982 -0.123960190114184 0.901346795571556 0 1 1 1 39 0.976721326487659
"326" "radishes" "TCRsig" 0.156912874614913 1.15491152759696 0.248126658293218 0 1 1 1 39 0.82040831536649
"327" "radishes" "TGFb" -0.0187904057693013 -0.25554525733212 0.798301993295626 0 1 1 1 39 0.958475408826615
"328" "radishes" "TGFbR" -0.075455795464103 -0.332520603485362 0.739496184620983 0 1 1 1 39 0.952270367210647
"329" "radishes" "TNF" -0.0814528312598791 -0.374764898195855 0.707835321967627 0 1 1 1 39 0.940287750967292
"330" "radishes" "TNFR" 0.139629327907635 0.85944479958674 0.390095162293388 0 1 1 1 39 0.82040831536649
"331" "rasberries" "Abx" -0.00202968175402119 -0.0219268950658795 0.98250627076979 0 1 1 1 39 0.987843482329793
"332" "rasberries" "Agprocess" 0.0358141082646818 0.212430680025702 0.831771052728229 0 1 1 1 39 0.958475408826615
"333" "rasberries" "BCRsig" -0.0524641657382689 -0.212109624743305 0.832021511083947 0 1 1 1 39 0.958475408826615
"334" "rasberries" "Cmkn" -0.0958618653663543 -0.521058566257974 0.602325973428065 0 1 1 1 39 0.893870298439946
"335" "rasberries" "CmknR" 0.112585824541435 0.649702798172915 0.515884216103951 0 1 1 1 39 0.864115294648479
"336" "rasberries" "IFN" 0.159565303945205 1.07260106499571 0.283450146717091 0 1 1 1 39 0.82040831536649
"337" "rasberries" "IFNR" 0.153341898798729 0.966930484065878 0.333578786241285 0 1 1 1 39 0.82040831536649
"338" "rasberries" "IL" -0.020100876129277 -0.0255269833225807 0.979634625917911 0 1 1 1 39 0.987615356067955
"339" "rasberries" "ILR" -0.134280449534996 -0.855699828836859 0.392163834927821 0 1 1 1 39 0.82040831536649
"340" "rasberries" "Nkcyto" 0.155094825280244 0.965614729039788 0.334237002285201 0 1 1 1 39 0.82040831536649
"341" "rasberries" "TCRsig" 0.027202465956043 0.0787940759854627 0.937196416077543 0 1 1 1 39 0.987047289273157
"342" "rasberries" "TGFb" 0.0229643605097064 0.209066297031472 0.834396484377749 0 1 1 1 39 0.958475408826615
"343" "rasberries" "TGFbR" -0.037460800110389 -0.292878587740343 0.769614956067953 0 1 1 1 39 0.958475408826615
"344" "rasberries" "TNF" 0.196560706028087 1.17790128815698 0.23883596149256 0 1 1 1 39 0.82040831536649
"345" "rasberries" "TNFR" 0.374588544685777 2.5138021066595 0.0119437432557994 0 1 1 1 39 0.364989931313238
"346" "red_peppers" "Abx" 0.267191393657912 1.7230796914216 0.0848741148204428 0 1 1 1 39 0.677623981227729
"347" "red_peppers" "Agprocess" 0.175494723606211 1.11658295302336 0.264172683750149 0 1 1 1 39 0.82040831536649
"348" "red_peppers" "BCRsig" 0.253751232491301 1.63829425649177 0.101360325234757 0 1 1 1 39 0.734623647724695
"349" "red_peppers" "Cmkn" 0.189838355238442 1.03385861296997 0.301202265614307 0 1 1 1 39 0.82040831536649
"350" "red_peppers" "CmknR" -0.0108735516119158 0.0313588642199103 0.97498334660109 0 1 1 1 39 0.987615356067955
"351" "red_peppers" "IFN" -0.151268364619156 -1.0783059860644 0.28089722655727 0 1 1 1 39 0.82040831536649
"352" "red_peppers" "IFNR" 0.143084556955399 0.88528353155626 0.376003729834235 0 1 1 1 39 0.82040831536649
"353" "red_peppers" "IL" 0.0461390724496715 0.0924953723413506 0.926304467797742 0 1 1 1 39 0.983950024806614
"354" "red_peppers" "ILR" -0.137768190521812 -0.829763878702491 0.406672297113301 0 1 1 1 39 0.8293058433079
"355" "red_peppers" "Nkcyto" 0.213424752720067 1.3633541839531 0.172770913052581 0 1 1 1 39 0.82040831536649
"356" "red_peppers" "TCRsig" -0.185603637469641 -0.969790133367783 0.332151111910852 0 1 1 1 39 0.82040831536649
"357" "red_peppers" "TGFb" -0.0756120462280525 -0.593063434839726 0.553138700062321 0 1 1 1 39 0.86683468384338
"358" "red_peppers" "TGFbR" 0.0313503578900221 0.308832901802129 0.757448639713717 0 1 1 1 39 0.952270367210647
"359" "red_peppers" "TNF" 0.187519617900623 1.28553779911392 0.198604416764623 0 1 1 1 39 0.82040831536649
"360" "red_peppers" "TNFR" 0.0920269872597145 0.56399398831196 0.57275822346342 0 1 1 1 39 0.87235483265967
"361" "salad_dressing" "Abx" 0.017403414738345 0.0938022182595502 0.925266269540474 0 1 1 1 39 0.983950024806614
"362" "salad_dressing" "Agprocess" 0.185951929639326 1.15417169163116 0.248429785937353 0 1 1 1 39 0.82040831536649
"363" "salad_dressing" "BCRsig" 0.0181823258946883 0.27221552700873 0.785456303663077 0 1 1 1 39 0.958475408826615
"364" "salad_dressing" "Cmkn" 0.185046043249509 1.26861828582895 0.20457723927287 0 1 1 1 39 0.82040831536649
"365" "salad_dressing" "CmknR" 0.00567148976550208 -0.0413423922956642 0.967022937777639 0 1 1 1 39 0.987615356067955
"366" "salad_dressing" "IFN" -0.205157002880146 -1.16977018614267 0.242093464596701 0 1 1 1 39 0.82040831536649
"367" "salad_dressing" "IFNR" 0.0970773799307832 0.606303623311405 0.544313153028291 0 1 1 1 39 0.86683468384338
"368" "salad_dressing" "IL" 0.245884068914427 1.70437147996352 0.0883117085984926 0 1 1 1 39 0.693877710416728
"369" "salad_dressing" "ILR" 0.13120726652284 0.798986772260002 0.424298082090123 0 1 1 1 39 0.833442661248456
"370" "salad_dressing" "Nkcyto" 0.140248480791027 0.860588976234566 0.389464459538363 0 1 1 1 39 0.82040831536649
"371" "salad_dressing" "TCRsig" -0.0936585061872129 -0.708716075378359 0.478500687036293 0 1 1 1 39 0.864115294648479
"372" "salad_dressing" "TGFb" -0.0358568148848981 -0.120139518113188 0.904372628156724 0 1 1 1 39 0.976721326487659
"373" "salad_dressing" "TGFbR" -0.065567198612591 -0.495839131441678 0.620007913819808 0 1 1 1 39 0.902658580414132
"374" "salad_dressing" "TNF" 0.00965217650559456 -0.0277911167381972 0.97782875104372 0 1 1 1 39 0.987615356067955
"375" "salad_dressing" "TNFR" 0.13859033141512 0.869245825520004 0.384712687362698 0 1 1 1 39 0.82040831536649
"376" "salmon" "Abx" 0.127069390370403 0.805914135582528 0.420292360094867 0 1 1 1 39 0.832178872987837
"377" "salmon" "Agprocess" 0.0489109423177457 0.321132134525105 0.748110259088985 0 1 1 1 39 0.952270367210647
"378" "salmon" "BCRsig" -0.097047712728371 -0.799719881107636 0.42387311150469 0 1 1 1 39 0.833442661248456
"379" "salmon" "Cmkn" 0.0158904191775358 -0.0411598512926983 0.967168460557943 0 1 1 1 39 0.987615356067955
"380" "salmon" "CmknR" 0.290714985894171 1.96995570819123 0.0488434469588315 0 1 1 1 39 0.577897223401042
"381" "salmon" "IFN" 0.125615734813018 0.629272977995867 0.529170358884339 0 1 1 1 39 0.865922677158152
"382" "salmon" "IFNR" 0.0739356853610754 0.452392464302368 0.650986274738355 0 1 1 1 39 0.918670108084816
"383" "salmon" "IL" 0.00852203994504573 -0.135429120391333 0.892272601477061 0 1 1 1 39 0.974999862541159
"384" "salmon" "ILR" 0.0581468599057495 0.382880492682577 0.701808375841855 0 1 1 1 39 0.938562217105713
"385" "salmon" "Nkcyto" 0.260342466778306 1.67798920456365 0.093349206507553 0 1 1 1 39 0.700586709424637
"386" "salmon" "TCRsig" 0.168694899969374 1.21645891414664 0.22381015307114 0 1 1 1 39 0.82040831536649
"387" "salmon" "TGFb" -0.202456200071622 -1.39886896912009 0.161852279461635 0 1 1 1 39 0.82040831536649
"388" "salmon" "TGFbR" 0.0629974921451233 0.503598452673403 0.614543580136389 0 1 1 1 39 0.899997254933469
"389" "salmon" "TNF" 0.0178833609198984 0.221508133584543 0.824696804204779 0 1 1 1 39 0.958475408826615
"390" "salmon" "TNFR" -0.109528782001125 -0.682017875121918 0.49522764806239 0 1 1 1 39 0.864115294648479
"391" "salsa" "Abx" -0.310813230049697 -2.91563902635203 0.00354960921300378 0 1 1 2 39 0.323074713777438
"392" "salsa" "Agprocess" -0.237557443267289 -1.52130856202259 0.128182422645729 0 1 1 1 39 0.811799765906713
"393" "salsa" "BCRsig" 0.0157438084315369 0.0525684621003558 0.958075745809577 0 1 1 1 39 0.987615356067955
"394" "salsa" "Cmkn" -0.104126074021097 -0.677665145160637 0.497984030775391 0 1 1 1 39 0.864115294648479
"395" "salsa" "CmknR" -0.21101105998332 -1.31923007046419 0.187092208149597 0 1 1 1 39 0.82040831536649
"396" "salsa" "IFN" 0.293815635457374 1.86679945638111 0.0619295984548687 0 1 1 1 39 0.581644594611872
"397" "salsa" "IFNR" -0.113952604625923 -0.716571749823723 0.473638380901172 0 1 1 1 39 0.864115294648479
"398" "salsa" "IL" -0.0395751004987613 -0.283096841607767 0.777102602638459 0 1 1 1 39 0.958475408826615
"399" "salsa" "ILR" 0.180710101269176 1.15179187073764 0.249406609202488 0 1 1 1 39 0.82040831536649
"400" "salsa" "Nkcyto" -0.137690266812862 -0.8631645362777 0.388047009077542 0 1 1 1 39 0.82040831536649
"401" "salsa" "TCRsig" -0.0700300039934162 -0.396671825444498 0.691609479288606 0 1 1 1 39 0.93282477451733
"402" "salsa" "TGFb" 0.259276330614389 1.63246278571895 0.10258203192974 0 1 1 1 39 0.734623647724695
"403" "salsa" "TGFbR" -0.152946455384278 -0.934527248794434 0.350031986858294 0 1 1 1 39 0.82040831536649
"404" "salsa" "TNF" -0.339561077344358 -2.21080024418875 0.0270496729313125 0 1 1 1 39 0.577897223401042
"405" "salsa" "TNFR" -0.130615257681006 -0.823107561717016 0.410446829065028 0 1 1 1 39 0.8293058433079
"406" "sauerkraut" "Abx" -0.220206210840074 -1.37484537902064 0.169179386095157 0 1 1 1 39 0.82040831536649
"407" "sauerkraut" "Agprocess" -0.197132496674327 -1.22112901161093 0.222037176756128 0 1 1 1 39 0.82040831536649
"408" "sauerkraut" "BCRsig" 0.0119236823914247 -0.112473748756617 0.910447783109017 0 1 1 1 39 0.977595775789509
"409" "sauerkraut" "Cmkn" -0.120019237321277 -0.865637605215294 0.38668892649167 0 1 1 1 39 0.82040831536649
"410" "sauerkraut" "CmknR" -0.237079994892066 -1.40381269027309 0.160374634045607 0 1 1 1 39 0.82040831536649
"411" "sauerkraut" "IFN" 0.0599907021777621 0.242578292317386 0.808332099220656 0 1 1 1 39 0.958475408826615
"412" "sauerkraut" "IFNR" -0.243905288991165 -1.55412609330832 0.120154342212629 0 1 1 1 39 0.782584202569097
"413" "sauerkraut" "IL" -0.121572084551366 -0.915004696860622 0.360189164395914 0 1 1 1 39 0.82040831536649
"414" "sauerkraut" "ILR" 0.177885694111836 1.13766651087193 0.255259762385334 0 1 1 1 39 0.82040831536649
"415" "sauerkraut" "Nkcyto" -0.214401837982352 -1.3348548975384 0.181923841862937 0 1 1 1 39 0.82040831536649
"416" "sauerkraut" "TCRsig" 0.0305204727026308 0.337141437249252 0.73601028166494 0 1 1 1 39 0.952270367210647
"417" "sauerkraut" "TGFb" 0.203007509168895 2.11886835736862 0.0341015937718637 0 1 1 2 39 0.577897223401042
"418" "sauerkraut" "TGFbR" -0.0570997711205854 -0.246510242814151 0.80528727642381 0 1 1 1 39 0.958475408826615
"419" "sauerkraut" "TNF" -0.195693795387877 -1.11886304735272 0.263198569650315 0 1 1 1 39 0.82040831536649
"420" "sauerkraut" "TNFR" -0.209769360486625 -1.32717539613648 0.184450669218767 0 1 1 1 39 0.82040831536649
"421" "sausage" "Abx" -0.19913431386377 -1.24848850366145 0.211852215904401 0 1 1 1 39 0.82040831536649
"422" "sausage" "Agprocess" -0.0937019428326072 -0.571017866323816 0.567987532006797 0 1 1 1 39 0.87235483265967
"423" "sausage" "BCRsig" -0.287180995430228 -1.97424274257713 0.0483541480002187 0 1 1 1 39 0.577897223401042
"424" "sausage" "Cmkn" -0.222042761199658 -1.49666686863328 0.13447996122091 0 1 1 1 39 0.811799765906713
"425" "sausage" "CmknR" -0.0843382868644438 -0.459602234123815 0.645801755236978 0 1 1 1 39 0.918597324259495
"426" "sausage" "IFN" 0.0234738905505225 0.0545463381259777 0.956499891030595 0 1 1 1 39 0.987615356067955
"427" "sausage" "IFNR" -0.167147711922453 -1.05434507500625 0.291724958911688 0 1 1 1 39 0.82040831536649
"428" "sausage" "IL" -0.25543143743443 -1.74596150532638 0.0808176411054688 0 1 1 1 39 0.677623981227729
"429" "sausage" "ILR" 0.310333049173554 2.0425115424274 0.0411008156623653 0 1 1 1 39 0.577897223401042
"430" "sausage" "Nkcyto" 0.00410088676004019 0.0379638559810519 0.969716499989922 0 1 1 1 39 0.987615356067955
"431" "sausage" "TCRsig" 0.0957006260724814 0.69964166758077 0.484151113924265 0 1 1 1 39 0.864115294648479
"432" "sausage" "TGFb" -0.00241291344412324 -0.097494504081386 0.922333698547764 0 1 1 1 39 0.983950024806614
"433" "sausage" "TGFbR" -0.0824009292573982 -0.434479692235637 0.663940138592678 0 1 1 1 39 0.92058926779657
"434" "sausage" "TNF" -0.000807047647401177 0.0669242757432353 0.94664198711122 0 1 1 1 39 0.987615356067955
"435" "sausage" "TNFR" 0.179053897959377 1.12636139540139 0.260012580221809 0 1 1 1 39 0.82040831536649
"436" "spinach" "Abx" -0.0350063633208298 -0.202452891767071 0.839562682714194 0 1 1 1 39 0.958475408826615
"437" "spinach" "Agprocess" 0.0279108884904765 0.18852875215222 0.850462178650511 0 1 1 1 39 0.958475408826615
"438" "spinach" "BCRsig" -0.387751463355451 -2.75248689419583 0.00591445137010801 0 1 1 1 39 0.325294825355941
"439" "spinach" "Cmkn" -0.127400656741097 -0.900505354164992 0.367851377275377 0 1 1 1 39 0.82040831536649
"440" "spinach" "CmknR" 0.168796499538731 1.13597056717778 0.255968882625708 0 1 1 1 39 0.82040831536649
"441" "spinach" "IFN" 0.0444867172879349 0.161708736733635 0.871535224181507 0 1 1 1 39 0.966802093575461
"442" "spinach" "IFNR" -0.0712503393931322 -1.58281950908582 0.113462608773574 0 1 1 2 39 0.757282645728715
"443" "spinach" "IL" -0.148060782323318 -1.06578380154354 0.286521385009661 0 1 1 1 39 0.82040831536649
"444" "spinach" "ILR" 0.247352563836094 1.59917807212584 0.109781041177686 0 1 1 1 39 0.74440569017746
"445" "spinach" "Nkcyto" 0.025448408071571 0.172935977944166 0.862701751382562 0 1 1 1 39 0.965420157594957
"446" "spinach" "TCRsig" 0.195621308920867 1.36073265027362 0.173598192511244 0 1 1 1 39 0.82040831536649
"447" "spinach" "TGFb" -0.28010902994453 -1.90547928452044 0.0567177977244903 0 1 1 1 39 0.577897223401042
"448" "spinach" "TGFbR" -0.045410027626357 -0.186595058841294 0.851978141179213 0 1 1 1 39 0.958475408826615
"449" "spinach" "TNF" 0.0917112971309162 0.656777269671889 0.51132414178292 0 1 1 1 39 0.864115294648479
"450" "spinach" "TNFR" 0.109665289859537 0.678895113716522 0.497204321964943 0 1 1 1 39 0.864115294648479
"451" "tomatoes" "Abx" -0.139872942905491 -0.888288285556523 0.37438569937394 0 1 1 1 39 0.82040831536649
"452" "tomatoes" "Agprocess" -0.108142493075652 -0.688208678392453 0.491321379656692 0 1 1 1 39 0.864115294648479
"453" "tomatoes" "BCRsig" -0.0736313852052445 -0.308149290071639 0.757968736729283 0 1 1 1 39 0.952270367210647
"454" "tomatoes" "Cmkn" -0.0780606381083065 -0.387430901941493 0.698437230222713 0 1 1 1 39 0.938047085742428
"455" "tomatoes" "CmknR" -0.107512891092218 -0.735404332536594 0.462093284034899 0 1 1 1 39 0.857926721334217
"456" "tomatoes" "IFN" 0.293307054408357 1.99285817173401 0.046276979703963 0 1 1 1 39 0.577897223401042
"457" "tomatoes" "IFNR" -0.0964093497369241 -0.598251988647686 0.549671806806897 0 1 1 1 39 0.86683468384338
"458" "tomatoes" "IL" 0.0397353280368914 0.369964514204167 0.711408930919676 0 1 1 1 39 0.940287750967292
"459" "tomatoes" "ILR" 0.0842715387449918 0.507520111380189 0.611789928825812 0 1 1 1 39 0.899997254933469
"460" "tomatoes" "Nkcyto" -0.14274315061702 -0.907776100065046 0.363996528014151 0 1 1 1 39 0.82040831536649
"461" "tomatoes" "TCRsig" 0.120695121135124 0.627930241968507 0.530049638745293 0 1 1 1 39 0.865922677158152
"462" "tomatoes" "TGFb" 0.0195279177472954 0.207444682724969 0.835662589691634 0 1 1 1 39 0.958475408826615
"463" "tomatoes" "TGFbR" -0.0626203476562063 -0.466425518560897 0.640910949103124 0 1 1 1 39 0.918597324259495
"464" "tomatoes" "TNF" -0.00708510735863596 -0.119515994669416 0.904866568946116 0 1 1 1 39 0.976721326487659
"465" "tomatoes" "TNFR" 0.0453647666936262 0.284564330553855 0.775977941922597 0 1 1 1 39 0.958475408826615
"466" "tuna" "Abx" -0.123218481595331 -0.747976420155599 0.454474380505467 0 1 1 1 39 0.855379537453255
"467" "tuna" "Agprocess" -0.161566082853335 -0.989166658982511 0.322581608049547 0 1 1 1 39 0.82040831536649
"468" "tuna" "BCRsig" -0.320889923868962 -2.27113269749251 0.0231389461414078 0 1 1 1 39 0.545096397393268
"469" "tuna" "Cmkn" -0.229107105589202 -1.57724225001353 0.114739794807381 0 1 1 1 39 0.757282645728715
"470" "tuna" "CmknR" 0.0577881778285231 0.447191493303329 0.654736802906617 0 1 1 1 39 0.918670108084816
"471" "tuna" "IFN" 0.0555672474987388 0.209114905887801 0.83435853872479 0 1 1 1 39 0.958475408826615
"472" "tuna" "IFNR" -0.152259757088935 -1.98933297104864 0.0466644627287257 0 1 1 2 39 0.577897223401042
"473" "tuna" "IL" -0.271891808841133 -1.90812611174537 0.0563749185651214 0 1 1 1 39 0.577897223401042
"474" "tuna" "ILR" 0.0173127138602466 0.129654149871489 0.896840059373978 0 1 1 1 39 0.976721326487659
"475" "tuna" "Nkcyto" -0.0945104511346297 -0.566516217091275 0.571042911875059 0 1 1 1 39 0.87235483265967
"476" "tuna" "TCRsig" 0.277689214772643 1.93480184617222 0.0530146164718961 0 1 1 1 39 0.577897223401042
"477" "tuna" "TGFb" -0.139872020325367 -0.988030414347719 0.323137753041092 0 1 1 1 39 0.82040831536649
"478" "tuna" "TGFbR" 0.0940859733590023 0.886373537595063 0.375416274006854 0 1 3 1 39 0.82040831536649
"479" "tuna" "TNF" -0.0897484282890971 -0.446865702250072 0.654972029104446 0 1 1 1 39 0.918670108084816
"480" "tuna" "TNFR" 0.0148781396575522 0.0876773298325438 0.930133138392408 0 1 1 1 39 0.985113066123363
"481" "yogurt" "Abx" 0.174056532520877 1.09574970099333 0.273188325894784 0 1 1 1 39 0.82040831536649
"482" "yogurt" "Agprocess" 0.0539428410691064 0.330222822091637 0.741231603636037 0 1 1 1 39 0.952270367210647
"483" "yogurt" "BCRsig" -0.117192669261158 -0.652854888715219 0.513849833793357 0 1 1 1 39 0.864115294648479
"484" "yogurt" "Cmkn" 0.160781106891279 1.05410141157032 0.291836489984997 0 1 1 1 39 0.82040831536649
"485" "yogurt" "CmknR" 0.313169550334234 2.00908462168999 0.044528160253783 0 1 1 1 39 0.577897223401042
"486" "yogurt" "IFN" 0.00925587440925594 0.103008256739324 0.917956417885498 0 1 1 1 39 0.981400489963977
"487" "yogurt" "IFNR" 0.16083264687717 1.0171699233152 0.309072601286976 0 1 1 1 39 0.82040831536649
"488" "yogurt" "IL" 0.103176068320878 0.699079882813662 0.484502109877291 0 1 1 1 39 0.864115294648479
"489" "yogurt" "ILR" 0.0715557954392245 0.439068338181448 0.660612020034219 0 1 1 1 39 0.92058926779657
"490" "yogurt" "Nkcyto" 0.176662050533128 1.11216049636398 0.266069149497494 0 1 1 1 39 0.82040831536649
"491" "yogurt" "TCRsig" 0.11696193920948 0.668753848709072 0.503652511096698 0 1 1 1 39 0.864115294648479
"492" "yogurt" "TGFb" -0.106947537075677 -0.623103300198268 0.533216641173271 0 1 1 1 39 0.86683468384338
"493" "yogurt" "TGFbR" 0.0391817456358334 0.204811021318206 0.837719775780712 0 1 1 1 39 0.958475408826615
"494" "yogurt" "TNF" 0.0226649295008435 0.10396872587432 0.917194167171325 0 1 1 1 39 0.981400489963977
"495" "yogurt" "TNFR" 0.107262464577726 0.674077246289634 0.500262204622644 0 1 1 1 39 0.864115294648479
